+++
RED:UKNet.rut
********************************************************
********************************************************
Probablidad de Bloqueo por usuario con 12 Long. de Onda:
Probablidad de Bloqueo total de la Red: 0.001364
********************************************************
Origen	Destino	Prob.Bloqueo	Saltos
********************************************************
0	0	NO TIENE
0	1	0.000000	1.000000
0	2	0.000000	1.000000
0	3	0.000000	1.000000
0	4	0.000000	2.000000
0	5	0.000000	1.000000
0	6	0.000000	2.000000
0	7	0.000000	1.000000
0	8	0.000254	2.000000
0	9	0.003497	2.000000
0	10	0.004692	3.000000
0	11	0.002923	4.000000
0	12	0.002961	3.000000
0	13	0.003343	1.000000
0	14	0.004466	2.000000
0	15	0.001264	3.000000
0	16	0.003772	3.000000
0	17	0.002012	4.000000
0	18	0.000000	2.000000
0	19	0.000000	1.000000
0	20	0.001828	2.000000
1	0	0.000000	1.000000
1	1	NO TIENE
1	2	0.000000	1.000000
1	3	0.000000	2.000000
1	4	0.000000	3.000000
1	5	0.000000	2.000000
1	6	0.000000	3.000000
1	7	0.000000	2.000000
1	8	0.000084	3.000000
1	9	0.003172	3.000000
1	10	0.005105	4.000000
1	11	0.003656	5.000000
1	12	0.004334	4.000000
1	13	0.003192	2.000000
1	14	0.004716	3.000000
1	15	0.004168	4.000000
1	16	0.004829	4.000000
1	17	0.003355	5.000000
1	18	0.000000	1.000000
1	19	0.000000	2.000000
1	20	0.004326	3.000000
2	0	0.000000	1.000000
2	1	0.000000	1.000000
2	2	NO TIENE
2	3	0.000000	2.000000
2	4	0.000000	3.000000
2	5	0.000000	2.000000
2	6	0.000000	3.000000
2	7	0.000000	2.000000
2	8	0.002267	2.000000
2	9	0.003007	3.000000
2	10	0.006341	3.000000
2	11	0.005613	4.000000
2	12	0.004682	4.000000
2	13	0.003119	2.000000
2	14	0.003834	3.000000
2	15	0.003777	3.000000
2	16	0.005235	4.000000
2	17	0.004290	4.000000
2	18	0.000000	1.000000
2	19	0.001516	1.000000
2	20	0.003596	2.000000
3	0	0.000000	1.000000
3	1	0.000000	2.000000
3	2	0.000000	2.000000
3	3	NO TIENE
3	4	0.000000	1.000000
3	5	0.000000	1.000000
3	6	0.000168	1.000000
3	7	0.000000	2.000000
3	8	0.003768	2.000000
3	9	0.003322	3.000000
3	10	0.006934	3.000000
3	11	0.006824	4.000000
3	12	0.005693	4.000000
3	13	0.004038	2.000000
3	14	0.004671	3.000000
3	15	0.006198	3.000000
3	16	0.006959	4.000000
3	17	0.006437	4.000000
3	18	0.000000	1.000000
3	19	0.000000	2.000000
3	20	0.002002	3.000000
4	0	0.000000	2.000000
4	1	0.000000	3.000000
4	2	0.000000	3.000000
4	3	0.000000	1.000000
4	4	NO TIENE
4	5	0.000000	1.000000
4	6	0.000084	2.000000
4	7	0.001673	2.000000
4	8	0.003057	3.000000
4	9	0.006623	3.000000
4	10	0.004678	4.000000
4	11	0.005597	5.000000
4	12	0.005192	4.000000
4	13	0.002933	3.000000
4	14	0.004217	4.000000
4	15	0.007059	4.000000
4	16	0.004942	5.000000
4	17	0.007163	5.000000
4	18	0.000000	2.000000
4	19	0.000000	3.000000
4	20	0.002198	4.000000
5	0	0.000000	1.000000
5	1	0.000000	2.000000
5	2	0.000000	2.000000
5	3	0.000000	1.000000
5	4	0.000000	1.000000
5	5	NO TIENE
5	6	0.000000	2.000000
5	7	0.002676	1.000000
5	8	0.003597	2.000000
5	9	0.004792	2.000000
5	10	0.005187	3.000000
5	11	0.004881	4.000000
5	12	0.004953	3.000000
5	13	0.004584	2.000000
5	14	0.006103	3.000000
5	15	0.007078	3.000000
5	16	0.006895	4.000000
5	17	0.006846	4.000000
5	18	0.000000	2.000000
5	19	0.000000	2.000000
5	20	0.002870	3.000000
6	0	0.000000	2.000000
6	1	0.000000	3.000000
6	2	0.000000	3.000000
6	3	0.000168	1.000000
6	4	0.000083	2.000000
6	5	0.000085	2.000000
6	6	NO TIENE
6	7	0.000000	1.000000
6	8	0.002947	1.000000
6	9	0.003700	2.000000
6	10	0.007499	2.000000
6	11	0.004788	3.000000
6	12	0.005061	3.000000
6	13	0.003159	3.000000
6	14	0.005248	2.000000
6	15	0.007327	2.000000
6	16	0.006485	3.000000
6	17	0.007237	3.000000
6	18	0.000000	2.000000
6	19	0.003839	2.000000
6	20	0.003297	2.000000
7	0	0.000000	1.000000
7	1	0.000000	2.000000
7	2	0.000000	2.000000
7	3	0.000000	2.000000
7	4	0.001837	2.000000
7	5	0.001833	1.000000
7	6	0.000000	1.000000
7	7	NO TIENE
7	8	0.000926	1.000000
7	9	0.003374	1.000000
7	10	0.004557	2.000000
7	11	0.003754	3.000000
7	12	0.003598	2.000000
7	13	0.004065	2.000000
7	14	0.001929	2.000000
7	15	0.006093	2.000000
7	16	0.003392	3.000000
7	17	0.004865	3.000000
7	18	0.000000	3.000000
7	19	0.000167	2.000000
7	20	0.000924	2.000000
8	0	0.000169	2.000000
8	1	0.000084	3.000000
8	2	0.001997	2.000000
8	3	0.003353	2.000000
8	4	0.003165	3.000000
8	5	0.002723	2.000000
8	6	0.004065	1.000000
8	7	0.000916	1.000000
8	8	NO TIENE
8	9	0.004434	2.000000
8	10	0.004953	1.000000
8	11	0.003270	2.000000
8	12	0.001522	2.000000
8	13	0.001600	2.000000
8	14	0.001843	1.000000
8	15	0.004524	1.000000
8	16	0.002992	2.000000
8	17	0.003055	2.000000
8	18	0.003363	3.000000
8	19	0.000084	1.000000
8	20	0.000000	1.000000
9	0	0.003339	2.000000
9	1	0.004397	3.000000
9	2	0.004452	3.000000
9	3	0.003771	3.000000
9	4	0.005639	3.000000
9	5	0.005191	2.000000
9	6	0.004437	2.000000
9	7	0.003075	1.000000
9	8	0.004788	2.000000
9	9	NO TIENE
9	10	0.000000	1.000000
9	11	0.000000	2.000000
9	12	0.000000	1.000000
9	13	0.000000	1.000000
9	14	0.000000	2.000000
9	15	0.007639	3.000000
9	16	0.000251	3.000000
9	17	0.000170	4.000000
9	18	0.004220	4.000000
9	19	0.004610	3.000000
9	20	0.004209	3.000000
10	0	0.004517	3.000000
10	1	0.004831	4.000000
10	2	0.005675	3.000000
10	3	0.006447	3.000000
10	4	0.005390	4.000000
10	5	0.006765	3.000000
10	6	0.006082	2.000000
10	7	0.004181	2.000000
10	8	0.003669	1.000000
10	9	0.000000	1.000000
10	10	NO TIENE
10	11	0.000000	1.000000
10	12	0.000000	2.000000
10	13	0.000000	2.000000
10	14	0.005443	2.000000
10	15	0.007499	2.000000
10	16	0.008463	3.000000
10	17	0.007704	3.000000
10	18	0.007818	4.000000
10	19	0.003437	2.000000
10	20	0.002778	2.000000
11	0	0.002671	4.000000
11	1	0.003970	5.000000
11	2	0.005336	4.000000
11	3	0.008408	4.000000
11	4	0.006043	5.000000
11	5	0.007241	4.000000
11	6	0.007867	3.000000
11	7	0.003422	3.000000
11	8	0.003403	2.000000
11	9	0.000000	2.000000
11	10	0.000000	1.000000
11	11	NO TIENE
11	12	0.000000	1.000000
11	13	0.000000	3.000000
11	14	0.000000	2.000000
11	15	0.007382	3.000000
11	16	0.000169	3.000000
11	17	0.000249	4.000000
11	18	0.007809	5.000000
11	19	0.003237	3.000000
11	20	0.003440	3.000000
12	0	0.003875	3.000000
12	1	0.003016	4.000000
12	2	0.004722	4.000000
12	3	0.006043	4.000000
12	4	0.006504	4.000000
12	5	0.006550	3.000000
12	6	0.005589	3.000000
12	7	0.003447	2.000000
12	8	0.002588	2.000000
12	9	0.000000	1.000000
12	10	0.000000	2.000000
12	11	0.000000	1.000000
12	12	NO TIENE
12	13	0.000000	2.000000
12	14	0.000000	1.000000
12	15	0.000252	3.000000
12	16	0.000421	2.000000
12	17	0.000332	3.000000
12	18	0.004764	5.000000
12	19	0.003187	3.000000
12	20	0.002054	3.000000
13	0	0.003775	1.000000
13	1	0.003913	2.000000
13	2	0.003661	2.000000
13	3	0.003859	2.000000
13	4	0.004858	3.000000
13	5	0.004790	2.000000
13	6	0.003010	3.000000
13	7	0.002752	2.000000
13	8	0.002589	2.000000
13	9	0.000000	1.000000
13	10	0.000000	2.000000
13	11	0.000000	3.000000
13	12	0.000000	2.000000
13	13	NO TIENE
13	14	0.000000	1.000000
13	15	0.000252	3.000000
13	16	0.000170	2.000000
13	17	0.000418	3.000000
13	18	0.004618	3.000000
13	19	0.003847	2.000000
13	20	0.002243	3.000000
14	0	0.004148	2.000000
14	1	0.004427	3.000000
14	2	0.004769	3.000000
14	3	0.004033	3.000000
14	4	0.003521	4.000000
14	5	0.004241	3.000000
14	6	0.007102	2.000000
14	7	0.002702	2.000000
14	8	0.002760	1.000000
14	9	0.000000	2.000000
14	10	0.004378	2.000000
14	11	0.000000	2.000000
14	12	0.000000	1.000000
14	13	0.000000	1.000000
14	14	NO TIENE
14	15	0.000253	2.000000
14	16	0.000334	1.000000
14	17	0.000000	2.000000
14	18	0.006371	4.000000
14	19	0.002496	2.000000
14	20	0.001186	2.000000
15	0	0.002013	3.000000
15	1	0.004012	4.000000
15	2	0.005777	3.000000
15	3	0.006057	3.000000
15	4	0.006150	4.000000
15	5	0.007666	3.000000
15	6	0.007136	2.000000
15	7	0.006135	2.000000
15	8	0.004568	1.000000
15	9	0.008537	3.000000
15	10	0.008260	2.000000
15	11	0.006299	3.000000
15	12	0.000420	3.000000
15	13	0.000084	3.000000
15	14	0.000166	2.000000
15	15	NO TIENE
15	16	0.000000	1.000000
15	17	0.000000	1.000000
15	18	0.004325	4.000000
15	19	0.002159	2.000000
15	20	0.000084	1.000000
16	0	0.004733	3.000000
16	1	0.003454	4.000000
16	2	0.002876	4.000000
16	3	0.007362	4.000000
16	4	0.004013	5.000000
16	5	0.006688	4.000000
16	6	0.006844	3.000000
16	7	0.003007	3.000000
16	8	0.003930	2.000000
16	9	0.000594	3.000000
16	10	0.007308	3.000000
16	11	0.000334	3.000000
16	12	0.000250	2.000000
16	13	0.000253	2.000000
16	14	0.000335	1.000000
16	15	0.000000	1.000000
16	16	NO TIENE
16	17	0.000000	1.000000
16	18	0.004299	5.000000
16	19	0.001828	3.000000
16	20	0.000084	2.000000
17	0	0.001402	4.000000
17	1	0.004314	5.000000
17	2	0.002791	4.000000
17	3	0.006089	4.000000
17	4	0.007258	5.000000
17	5	0.006364	4.000000
17	6	0.007057	3.000000
17	7	0.004369	3.000000
17	8	0.004334	2.000000
17	9	0.000250	4.000000
17	10	0.008561	3.000000
17	11	0.000084	4.000000
17	12	0.000084	3.000000
17	13	0.000582	3.000000
17	14	0.000168	2.000000
17	15	0.000000	1.000000
17	16	0.000000	1.000000
17	17	NO TIENE
17	18	0.004019	5.000000
17	19	0.001672	3.000000
17	20	0.000084	2.000000
18	0	0.000000	2.000000
18	1	0.000000	1.000000
18	2	0.000000	1.000000
18	3	0.000000	1.000000
18	4	0.000000	2.000000
18	5	0.000000	2.000000
18	6	0.000084	2.000000
18	7	0.000000	3.000000
18	8	0.002611	3.000000
18	9	0.003998	4.000000
18	10	0.007009	4.000000
18	11	0.007724	5.000000
18	12	0.004706	5.000000
18	13	0.003228	3.000000
18	14	0.005400	4.000000
18	15	0.004342	4.000000
18	16	0.004963	5.000000
18	17	0.003423	5.000000
18	18	NO TIENE
18	19	0.002593	2.000000
18	20	0.004353	3.000000
19	0	0.000084	1.000000
19	1	0.000000	2.000000
19	2	0.001920	1.000000
19	3	0.000000	2.000000
19	4	0.000000	3.000000
19	5	0.000000	2.000000
19	6	0.003728	2.000000
19	7	0.000084	2.000000
19	8	0.000000	1.000000
19	9	0.004415	3.000000
19	10	0.003782	2.000000
19	11	0.002889	3.000000
19	12	0.002933	3.000000
19	13	0.003618	2.000000
19	14	0.002749	2.000000
19	15	0.001511	2.000000
19	16	0.002078	3.000000
19	17	0.000916	3.000000
19	18	0.001413	2.000000
19	19	NO TIENE
19	20	0.001772	1.000000
20	0	0.002104	2.000000
20	1	0.003621	3.000000
20	2	0.003487	2.000000
20	3	0.002334	3.000000
20	4	0.001415	4.000000
20	5	0.002823	3.000000
20	6	0.003716	2.000000
20	7	0.001101	2.000000
20	8	0.000000	1.000000
20	9	0.004353	3.000000
20	10	0.003347	2.000000
20	11	0.003545	3.000000
20	12	0.001923	3.000000
20	13	0.001351	3.000000
20	14	0.002706	2.000000
20	15	0.000083	1.000000
20	16	0.000000	2.000000
20	17	0.000000	2.000000
20	18	0.003600	3.000000
20	19	0.001593	1.000000
20	20	NO TIENE
+++
RED:EuroLarge.rut
********************************************************
********************************************************
Probablidad de Bloqueo por usuario con 35 Long. de Onda:
Probablidad de Bloqueo total de la Red: 0.001206
********************************************************
Origen	Destino	Prob.Bloqueo	Saltos
********************************************************
0	0	NO TIENE
0	1	0.000364	7.000000
0	2	0.000000	4.000000
0	3	0.000000	6.000000
0	4	0.000000	2.000000
0	5	0.000000	4.000000
0	6	0.000000	4.000000
0	7	0.000000	3.000000
0	8	0.000000	4.000000
0	9	0.000000	1.000000
0	10	0.000000	6.000000
0	11	0.000000	5.000000
0	12	0.000000	2.000000
0	13	0.000000	2.000000
0	14	0.000000	2.000000
0	15	0.000000	2.000000
0	16	0.000000	1.000000
0	17	0.000000	5.000000
0	18	0.000000	6.000000
0	19	0.000000	1.000000
0	20	0.000000	2.000000
0	21	0.000000	3.000000
0	22	0.000000	5.000000
0	23	0.000360	5.000000
0	24	0.000000	2.000000
0	25	0.000000	4.000000
0	26	0.000000	4.000000
0	27	0.000000	4.000000
0	28	0.000000	4.000000
0	29	0.000000	3.000000
0	30	0.000358	6.000000
0	31	0.000000	3.000000
0	32	0.000000	2.000000
0	33	0.000000	5.000000
0	34	0.000000	3.000000
0	35	0.000000	5.000000
0	36	0.000000	5.000000
0	37	0.000000	6.000000
0	38	0.000000	3.000000
0	39	0.000000	4.000000
0	40	0.000000	3.000000
0	41	0.000000	5.000000
0	42	0.000000	3.000000
1	0	0.000000	7.000000
1	1	NO TIENE
1	2	0.014722	4.000000
1	3	0.000000	1.000000
1	4	0.000000	5.000000
1	5	0.012221	4.000000
1	6	0.000000	3.000000
1	7	0.013037	5.000000
1	8	0.000000	3.000000
1	9	0.000000	6.000000
1	10	0.000000	2.000000
1	11	0.000000	2.000000
1	12	0.000000	5.000000
1	13	0.014545	7.000000
1	14	0.000000	7.000000
1	15	0.000000	5.000000
1	16	0.000000	6.000000
1	17	0.000000	3.000000
1	18	0.011935	6.000000
1	19	0.018545	6.000000
1	20	0.000000	6.000000
1	21	0.011012	4.000000
1	22	0.012825	5.000000
1	23	0.014192	5.000000
1	24	0.011879	7.000000
1	25	0.011607	3.000000
1	26	0.004313	4.000000
1	27	0.000000	4.000000
1	28	0.000000	4.000000
1	29	0.000000	4.000000
1	30	0.000000	1.000000
1	31	0.000000	6.000000
1	32	0.014878	5.000000
1	33	0.011494	5.000000
1	34	0.000000	4.000000
1	35	0.000000	2.000000
1	36	0.000000	2.000000
1	37	0.000000	1.000000
1	38	0.000000	5.000000
1	39	0.000000	4.000000
1	40	0.000000	4.000000
1	41	0.000000	3.000000
1	42	0.004041	5.000000
2	0	0.000368	4.000000
2	1	0.009434	4.000000
2	2	NO TIENE
2	3	0.012523	4.000000
2	4	0.004963	4.000000
2	5	0.000000	1.000000
2	6	0.005065	3.000000
2	7	0.000000	2.000000
2	8	0.004688	5.000000
2	9	0.001116	3.000000
2	10	0.013625	4.000000
2	11	0.004678	5.000000
2	12	0.005261	5.000000
2	13	0.003221	4.000000
2	14	0.005038	4.000000
2	15	0.000714	4.000000
2	16	0.000000	5.000000
2	17	0.010200	5.000000
2	18	0.000000	2.000000
2	19	0.005861	3.000000
2	20	0.000355	3.000000
2	21	0.000000	1.000000
2	22	0.000000	1.000000
2	23	0.000000	1.000000
2	24	0.004312	4.000000
2	25	0.000000	1.000000
2	26	0.000000	2.000000
2	27	0.006031	6.000000
2	28	0.013401	6.000000
2	29	0.004719	3.000000
2	30	0.010291	3.000000
2	31	0.004762	5.000000
2	32	0.000000	2.000000
2	33	0.000000	2.000000
2	34	0.004917	4.000000
2	35	0.013091	2.000000
2	36	0.005020	4.000000
2	37	0.013994	3.000000
2	38	0.006498	6.000000
2	39	0.004376	4.000000
2	40	0.004304	5.000000
2	41	0.004731	4.000000
2	42	0.000000	2.000000
3	0	0.000000	6.000000
3	1	0.000000	1.000000
3	2	0.013963	4.000000
3	3	NO TIENE
3	4	0.000000	4.000000
3	5	0.012593	4.000000
3	6	0.000000	2.000000
3	7	0.006065	5.000000
3	8	0.000000	2.000000
3	9	0.000358	5.000000
3	10	0.000000	1.000000
3	11	0.000000	1.000000
3	12	0.000000	4.000000
3	13	0.000356	7.000000
3	14	0.000000	6.000000
3	15	0.000000	4.000000
3	16	0.000000	5.000000
3	17	0.000000	2.000000
3	18	0.010068	6.000000
3	19	0.000368	6.000000
3	20	0.000000	5.000000
3	21	0.005018	4.000000
3	22	0.010780	5.000000
3	23	0.009822	5.000000
3	24	0.000000	7.000000
3	25	0.010858	3.000000
3	26	0.004383	3.000000
3	27	0.000000	3.000000
3	28	0.000000	3.000000
3	29	0.000000	3.000000
3	30	0.000000	2.000000
3	31	0.000000	5.000000
3	32	0.004346	5.000000
3	33	0.012082	5.000000
3	34	0.000000	3.000000
3	35	0.000000	2.000000
3	36	0.000000	1.000000
3	37	0.000000	1.000000
3	38	0.000000	4.000000
3	39	0.000000	3.000000
3	40	0.000000	3.000000
3	41	0.000000	2.000000
3	42	0.004345	4.000000
4	0	0.000000	2.000000
4	1	0.000000	5.000000
4	2	0.004380	4.000000
4	3	0.000000	4.000000
4	4	NO TIENE
4	5	0.004739	5.000000
4	6	0.000000	2.000000
4	7	0.005874	4.000000
4	8	0.000000	2.000000
4	9	0.000000	3.000000
4	10	0.000000	4.000000
4	11	0.000000	3.000000
4	12	0.000000	1.000000
4	13	0.000000	4.000000
4	14	0.000000	3.000000
4	15	0.000000	2.000000
4	16	0.000000	1.000000
4	17	0.000000	3.000000
4	18	0.004739	6.000000
4	19	0.000000	3.000000
4	20	0.000000	3.000000
4	21	0.005016	3.000000
4	22	0.005829	5.000000
4	23	0.005772	5.000000
4	24	0.000000	4.000000
4	25	0.002164	4.000000
4	26	0.005573	3.000000
4	27	0.000000	2.000000
4	28	0.000000	3.000000
4	29	0.000000	1.000000
4	30	0.000000	4.000000
4	31	0.000000	2.000000
4	32	0.002182	3.000000
4	33	0.007538	6.000000
4	34	0.000000	1.000000
4	35	0.000000	3.000000
4	36	0.000000	3.000000
4	37	0.000000	4.000000
4	38	0.000000	2.000000
4	39	0.000000	2.000000
4	40	0.000000	1.000000
4	41	0.000000	3.000000
4	42	0.003248	2.000000
5	0	0.000000	4.000000
5	1	0.015793	4.000000
5	2	0.000000	1.000000
5	3	0.011952	4.000000
5	4	0.003876	5.000000
5	5	NO TIENE
5	6	0.004972	3.000000
5	7	0.000000	1.000000
5	8	0.004304	5.000000
5	9	0.000000	3.000000
5	10	0.016733	4.000000
5	11	0.003239	5.000000
5	12	0.000000	6.000000
5	13	0.003279	4.000000
5	14	0.003654	4.000000
5	15	0.000000	4.000000
5	16	0.000000	5.000000
5	17	0.011431	5.000000
5	18	0.000000	2.000000
5	19	0.003884	3.000000
5	20	0.000000	3.000000
5	21	0.000000	2.000000
5	22	0.000000	1.000000
5	23	0.000000	2.000000
5	24	0.001790	4.000000
5	25	0.000000	1.000000
5	26	0.000000	2.000000
5	27	0.007914	6.000000
5	28	0.013206	6.000000
5	29	0.006243	4.000000
5	30	0.009807	3.000000
5	31	0.004646	5.000000
5	32	0.000000	2.000000
5	33	0.000000	1.000000
5	34	0.005376	5.000000
5	35	0.011961	2.000000
5	36	0.004581	4.000000
5	37	0.015553	3.000000
5	38	0.005102	6.000000
5	39	0.004599	4.000000
5	40	0.002847	6.000000
5	41	0.005482	4.000000
5	42	0.000000	3.000000
6	0	0.000000	4.000000
6	1	0.000000	3.000000
6	2	0.005441	3.000000
6	3	0.000000	2.000000
6	4	0.000368	2.000000
6	5	0.004287	3.000000
6	6	NO TIENE
6	7	0.004384	3.000000
6	8	0.000000	2.000000
6	9	0.000000	3.000000
6	10	0.000000	3.000000
6	11	0.000000	2.000000
6	12	0.000000	3.000000
6	13	0.000000	5.000000
6	14	0.000000	5.000000
6	15	0.000000	2.000000
6	16	0.000000	3.000000
6	17	0.000000	3.000000
6	18	0.003872	5.000000
6	19	0.000000	4.000000
6	20	0.000352	3.000000
6	21	0.003189	2.000000
6	22	0.005376	4.000000
6	23	0.006721	4.000000
6	24	0.000000	5.000000
6	25	0.003716	2.000000
6	26	0.005488	1.000000
6	27	0.000000	4.000000
6	28	0.000000	4.000000
6	29	0.000359	1.000000
6	30	0.000000	2.000000
6	31	0.000000	4.000000
6	32	0.003611	3.000000
6	33	0.002878	4.000000
6	34	0.000000	2.000000
6	35	0.000000	1.000000
6	36	0.000000	1.000000
6	37	0.000000	2.000000
6	38	0.000000	4.000000
6	39	0.000000	1.000000
6	40	0.000000	3.000000
6	41	0.000000	1.000000
6	42	0.005166	2.000000
7	0	0.000000	3.000000
7	1	0.011704	5.000000
7	2	0.000000	2.000000
7	3	0.004332	5.000000
7	4	0.006386	4.000000
7	5	0.000000	1.000000
7	6	0.005423	3.000000
7	7	NO TIENE
7	8	0.005539	5.000000
7	9	0.000000	2.000000
7	10	0.009151	5.000000
7	11	0.005346	5.000000
7	12	0.000000	5.000000
7	13	0.003970	3.000000
7	14	0.007151	3.000000
7	15	0.000000	3.000000
7	16	0.000000	4.000000
7	17	0.003955	6.000000
7	18	0.000000	3.000000
7	19	0.002173	2.000000
7	20	0.000000	2.000000
7	21	0.000000	1.000000
7	22	0.000000	2.000000
7	23	0.000000	3.000000
7	24	0.003289	3.000000
7	25	0.000000	2.000000
7	26	0.000000	2.000000
7	27	0.002499	6.000000
7	28	0.004456	6.000000
7	29	0.004649	3.000000
7	30	0.016146	4.000000
7	31	0.005310	4.000000
7	32	0.000000	1.000000
7	33	0.000000	2.000000
7	34	0.005300	4.000000
7	35	0.010519	3.000000
7	36	0.004071	4.000000
7	37	0.012101	4.000000
7	38	0.003651	5.000000
7	39	0.006440	4.000000
7	40	0.003578	5.000000
7	41	0.004225	4.000000
7	42	0.000000	2.000000
8	0	0.000000	4.000000
8	1	0.000000	3.000000
8	2	0.004715	5.000000
8	3	0.000000	2.000000
8	4	0.000000	2.000000
8	5	0.004603	5.000000
8	6	0.000000	2.000000
8	7	0.002501	5.000000
8	8	NO TIENE
8	9	0.000000	4.000000
8	10	0.000000	2.000000
8	11	0.000000	1.000000
8	12	0.000000	2.000000
8	13	0.000000	6.000000
8	14	0.000000	4.000000
8	15	0.000000	3.000000
8	16	0.000000	3.000000
8	17	0.000000	2.000000
8	18	0.005181	7.000000
8	19	0.000000	5.000000
8	20	0.000000	4.000000
8	21	0.003323	4.000000
8	22	0.005065	6.000000
8	23	0.005338	6.000000
8	24	0.000000	5.000000
8	25	0.003232	4.000000
8	26	0.005482	3.000000
8	27	0.000000	2.000000
8	28	0.000000	3.000000
8	29	0.000000	2.000000
8	30	0.000000	4.000000
8	31	0.000000	3.000000
8	32	0.005708	4.000000
8	33	0.003686	6.000000
8	34	0.000000	1.000000
8	35	0.000000	3.000000
8	36	0.000000	3.000000
8	37	0.000000	3.000000
8	38	0.000000	2.000000
8	39	0.000000	1.000000
8	40	0.000000	1.000000
8	41	0.000000	2.000000
8	42	0.006171	3.000000
9	0	0.000000	1.000000
9	1	0.000000	6.000000
9	2	0.000000	3.000000
9	3	0.000000	5.000000
9	4	0.000000	3.000000
9	5	0.000000	3.000000
9	6	0.000000	3.000000
9	7	0.000000	2.000000
9	8	0.000000	4.000000
9	9	NO TIENE
9	10	0.000361	6.000000
9	11	0.000000	5.000000
9	12	0.000000	3.000000
9	13	0.000000	2.000000
9	14	0.000000	2.000000
9	15	0.000000	1.000000
9	16	0.000000	2.000000
9	17	0.000000	6.000000
9	18	0.000000	5.000000
9	19	0.000000	1.000000
9	20	0.000000	1.000000
9	21	0.000000	2.000000
9	22	0.000000	4.000000
9	23	0.000000	4.000000
9	24	0.000000	2.000000
9	25	0.000000	3.000000
9	26	0.000000	3.000000
9	27	0.000000	5.000000
9	28	0.000000	5.000000
9	29	0.000000	2.000000
9	30	0.000746	5.000000
9	31	0.000000	3.000000
9	32	0.000000	1.000000
9	33	0.000000	4.000000
9	34	0.000000	3.000000
9	35	0.000000	4.000000
9	36	0.000000	4.000000
9	37	0.000000	5.000000
9	38	0.000000	4.000000
9	39	0.000362	3.000000
9	40	0.000000	4.000000
9	41	0.000000	4.000000
9	42	0.000000	2.000000
10	0	0.000000	6.000000
10	1	0.000000	2.000000
10	2	0.013163	4.000000
10	3	0.000000	1.000000
10	4	0.000000	4.000000
10	5	0.015568	4.000000
10	6	0.000000	3.000000
10	7	0.010650	5.000000
10	8	0.000000	2.000000
10	9	0.000000	6.000000
10	10	NO TIENE
10	11	0.000000	1.000000
10	12	0.000000	4.000000
10	13	0.000000	7.000000
10	14	0.000000	5.000000
10	15	0.000000	5.000000
10	16	0.000000	5.000000
10	17	0.000000	1.000000
10	18	0.014627	6.000000
10	19	0.000000	6.000000
10	20	0.000000	6.000000
10	21	0.015124	4.000000
10	22	0.009215	5.000000
10	23	0.013139	5.000000
10	24	0.000000	6.000000
10	25	0.014766	3.000000
10	26	0.005842	4.000000
10	27	0.000000	2.000000
10	28	0.000000	2.000000
10	29	0.000000	4.000000
10	30	0.000000	3.000000
10	31	0.000000	4.000000
10	32	0.013029	5.000000
10	33	0.012635	5.000000
10	34	0.000000	3.000000
10	35	0.000000	2.000000
10	36	0.000000	2.000000
10	37	0.000000	1.000000
10	38	0.000000	3.000000
10	39	0.000000	3.000000
10	40	0.000000	3.000000
10	41	0.000000	2.000000
10	42	0.003695	5.000000
11	0	0.000000	5.000000
11	1	0.000000	2.000000
11	2	0.003229	5.000000
11	3	0.000000	1.000000
11	4	0.000000	3.000000
11	5	0.003916	5.000000
11	6	0.000000	2.000000
11	7	0.003160	5.000000
11	8	0.000000	1.000000
11	9	0.000000	5.000000
11	10	0.000000	1.000000
11	11	NO TIENE
11	12	0.000000	3.000000
11	13	0.000000	7.000000
11	14	0.000000	5.000000
11	15	0.000000	4.000000
11	16	0.000000	4.000000
11	17	0.000000	1.000000
11	18	0.012442	7.000000
11	19	0.000000	6.000000
11	20	0.000000	5.000000
11	21	0.003182	4.000000
11	22	0.005774	6.000000
11	23	0.005359	6.000000
11	24	0.000000	6.000000
11	25	0.004018	4.000000
11	26	0.004717	3.000000
11	27	0.000000	2.000000
11	28	0.000000	2.000000
11	29	0.000000	3.000000
11	30	0.000000	3.000000
11	31	0.000000	4.000000
11	32	0.004930	5.000000
11	33	0.006459	6.000000
11	34	0.000000	2.000000
11	35	0.000000	3.000000
11	36	0.000000	2.000000
11	37	0.000000	2.000000
11	38	0.000000	3.000000
11	39	0.000000	2.000000
11	40	0.000000	2.000000
11	41	0.000000	1.000000
11	42	0.003240	4.000000
12	0	0.000000	2.000000
12	1	0.000000	5.000000
12	2	0.004722	5.000000
12	3	0.000000	4.000000
12	4	0.000000	1.000000
12	5	0.000000	6.000000
12	6	0.000000	3.000000
12	7	0.000000	5.000000
12	8	0.000000	2.000000
12	9	0.000000	3.000000
12	10	0.000000	4.000000
12	11	0.000000	3.000000
12	12	NO TIENE
12	13	0.000000	4.000000
12	14	0.000000	2.000000
12	15	0.000000	2.000000
12	16	0.000000	1.000000
12	17	0.000000	3.000000
12	18	0.006229	7.000000
12	19	0.000000	3.000000
12	20	0.000000	3.000000
12	21	0.003733	4.000000
12	22	0.004289	6.000000
12	23	0.006887	6.000000
12	24	0.000000	3.000000
12	25	0.003222	5.000000
12	26	0.003505	4.000000
12	27	0.000000	2.000000
12	28	0.000000	2.000000
12	29	0.000000	2.000000
12	30	0.000000	5.000000
12	31	0.000000	1.000000
12	32	0.000000	4.000000
12	33	0.002918	7.000000
12	34	0.000000	2.000000
12	35	0.000000	4.000000
12	36	0.000000	4.000000
12	37	0.000000	5.000000
12	38	0.000000	1.000000
12	39	0.000000	3.000000
12	40	0.000000	1.000000
12	41	0.000000	4.000000
12	42	0.004342	3.000000
13	0	0.000000	2.000000
13	1	0.016654	7.000000
13	2	0.004254	4.000000
13	3	0.000000	7.000000
13	4	0.000000	4.000000
13	5	0.002159	4.000000
13	6	0.000000	5.000000
13	7	0.003611	3.000000
13	8	0.000000	6.000000
13	9	0.000000	2.000000
13	10	0.000000	7.000000
13	11	0.000000	7.000000
13	12	0.000000	4.000000
13	13	NO TIENE
13	14	0.000000	2.000000
13	15	0.000000	3.000000
13	16	0.000000	3.000000
13	17	0.000000	6.000000
13	18	0.004708	6.000000
13	19	0.000000	1.000000
13	20	0.000000	3.000000
13	21	0.002175	3.000000
13	22	0.004420	5.000000
13	23	0.001812	5.000000
13	24	0.000000	1.000000
13	25	0.005425	4.000000
13	26	0.003234	4.000000
13	27	0.000000	6.000000
13	28	0.000000	5.000000
13	29	0.000363	4.000000
13	30	0.017951	6.000000
13	31	0.000000	3.000000
13	32	0.003917	2.000000
13	33	0.003984	5.000000
13	34	0.000000	5.000000
13	35	0.014801	5.000000
13	36	0.000000	6.000000
13	37	0.013192	6.000000
13	38	0.000000	4.000000
13	39	0.000000	5.000000
13	40	0.000000	5.000000
13	41	0.000000	6.000000
13	42	0.003584	3.000000
14	0	0.000000	2.000000
14	1	0.000000	7.000000
14	2	0.002483	4.000000
14	3	0.000000	6.000000
14	4	0.000000	3.000000
14	5	0.001835	4.000000
14	6	0.000000	5.000000
14	7	0.005069	3.000000
14	8	0.000000	4.000000
14	9	0.000000	2.000000
14	10	0.000000	5.000000
14	11	0.000000	5.000000
14	12	0.000000	2.000000
14	13	0.000000	2.000000
14	14	NO TIENE
14	15	0.000000	3.000000
14	16	0.000000	3.000000
14	17	0.000000	4.000000
14	18	0.001816	6.000000
14	19	0.000000	1.000000
14	20	0.000000	3.000000
14	21	0.003323	3.000000
14	22	0.004357	5.000000
14	23	0.003943	5.000000
14	24	0.000000	1.000000
14	25	0.002498	4.000000
14	26	0.003938	4.000000
14	27	0.000000	4.000000
14	28	0.000000	3.000000
14	29	0.000000	4.000000
14	30	0.014306	6.000000
14	31	0.000000	1.000000
14	32	0.002949	2.000000
14	33	0.001443	5.000000
14	34	0.000000	4.000000
14	35	0.016316	5.000000
14	36	0.000000	6.000000
14	37	0.000000	6.000000
14	38	0.000000	2.000000
14	39	0.000000	5.000000
14	40	0.000000	3.000000
14	41	0.000000	6.000000
14	42	0.002182	3.000000
15	0	0.000000	2.000000
15	1	0.000000	5.000000
15	2	0.000000	4.000000
15	3	0.000000	4.000000
15	4	0.000000	2.000000
15	5	0.000000	4.000000
15	6	0.000000	2.000000
15	7	0.000000	3.000000
15	8	0.000000	3.000000
15	9	0.000000	1.000000
15	10	0.000366	5.000000
15	11	0.000000	4.000000
15	12	0.000000	2.000000
15	13	0.000000	3.000000
15	14	0.000000	3.000000
15	15	NO TIENE
15	16	0.000000	1.000000
15	17	0.000000	5.000000
15	18	0.000000	6.000000
15	19	0.000000	2.000000
15	20	0.000000	1.000000
15	21	0.000000	3.000000
15	22	0.000000	5.000000
15	23	0.000725	5.000000
15	24	0.000000	3.000000
15	25	0.000000	4.000000
15	26	0.000000	3.000000
15	27	0.000000	4.000000
15	28	0.000000	4.000000
15	29	0.000000	1.000000
15	30	0.000000	4.000000
15	31	0.000000	3.000000
15	32	0.000000	2.000000
15	33	0.000000	5.000000
15	34	0.000000	2.000000
15	35	0.000362	3.000000
15	36	0.000000	3.000000
15	37	0.000000	4.000000
15	38	0.000000	3.000000
15	39	0.000000	2.000000
15	40	0.000000	3.000000
15	41	0.000000	3.000000
15	42	0.000000	2.000000
16	0	0.000000	1.000000
16	1	0.000000	6.000000
16	2	0.000000	5.000000
16	3	0.000000	5.000000
16	4	0.000000	1.000000
16	5	0.000000	5.000000
16	6	0.000000	3.000000
16	7	0.000000	4.000000
16	8	0.000000	3.000000
16	9	0.000000	2.000000
16	10	0.000000	5.000000
16	11	0.000000	4.000000
16	12	0.000000	1.000000
16	13	0.000000	3.000000
16	14	0.000000	3.000000
16	15	0.000000	1.000000
16	16	NO TIENE
16	17	0.000000	4.000000
16	18	0.000000	7.000000
16	19	0.000000	2.000000
16	20	0.000000	2.000000
16	21	0.000000	4.000000
16	22	0.000000	6.000000
16	23	0.000000	6.000000
16	24	0.000000	3.000000
16	25	0.000000	5.000000
16	26	0.000000	4.000000
16	27	0.000000	3.000000
16	28	0.000000	3.000000
16	29	0.000000	2.000000
16	30	0.000000	5.000000
16	31	0.000000	2.000000
16	32	0.000000	3.000000
16	33	0.000000	6.000000
16	34	0.000000	2.000000
16	35	0.000000	4.000000
16	36	0.000000	4.000000
16	37	0.000000	5.000000
16	38	0.000000	2.000000
16	39	0.000000	3.000000
16	40	0.000000	2.000000
16	41	0.000000	4.000000
16	42	0.000000	3.000000
17	0	0.000000	5.000000
17	1	0.000000	3.000000
17	2	0.011470	5.000000
17	3	0.000000	2.000000
17	4	0.000000	3.000000
17	5	0.010542	5.000000
17	6	0.000000	3.000000
17	7	0.004329	6.000000
17	8	0.000000	2.000000
17	9	0.000000	6.000000
17	10	0.000000	1.000000
17	11	0.000000	1.000000
17	12	0.000000	3.000000
17	13	0.000000	6.000000
17	14	0.000000	4.000000
17	15	0.000000	5.000000
17	16	0.000000	4.000000
17	17	NO TIENE
17	18	0.016550	7.000000
17	19	0.000000	5.000000
17	20	0.000000	6.000000
17	21	0.004364	5.000000
17	22	0.015451	6.000000
17	23	0.009797	6.000000
17	24	0.000000	5.000000
17	25	0.011335	4.000000
17	26	0.003930	4.000000
17	27	0.000000	1.000000
17	28	0.000000	1.000000
17	29	0.000000	4.000000
17	30	0.000000	4.000000
17	31	0.000000	3.000000
17	32	0.003550	6.000000
17	33	0.011866	6.000000
17	34	0.000000	3.000000
17	35	0.000000	3.000000
17	36	0.000000	3.000000
17	37	0.000000	2.000000
17	38	0.000000	2.000000
17	39	0.000000	3.000000
17	40	0.000000	2.000000
17	41	0.000000	2.000000
17	42	0.004675	5.000000
18	0	0.000000	6.000000
18	1	0.015429	6.000000
18	2	0.000000	2.000000
18	3	0.012640	6.000000
18	4	0.004693	6.000000
18	5	0.000000	2.000000
18	6	0.006783	5.000000
18	7	0.000000	3.000000
18	8	0.005690	7.000000
18	9	0.000000	5.000000
18	10	0.009363	6.000000
18	11	0.010557	7.000000
18	12	0.005478	7.000000
18	13	0.001067	6.000000
18	14	0.003655	6.000000
18	15	0.000000	6.000000
18	16	0.000000	7.000000
18	17	0.010160	7.000000
18	18	NO TIENE
18	19	0.002885	5.000000
18	20	0.000000	5.000000
18	21	0.000718	3.000000
18	22	0.000000	1.000000
18	23	0.000000	1.000000
18	24	0.003589	6.000000
18	25	0.000000	3.000000
18	26	0.000000	4.000000
18	27	0.003901	8.000000
18	28	0.007603	8.000000
18	29	0.005325	5.000000
18	30	0.014120	5.000000
18	31	0.003196	7.000000
18	32	0.000000	4.000000
18	33	0.000000	1.000000
18	34	0.003731	6.000000
18	35	0.012411	4.000000
18	36	0.002144	6.000000
18	37	0.010043	5.000000
18	38	0.007394	8.000000
18	39	0.002918	6.000000
18	40	0.005755	7.000000
18	41	0.007123	6.000000
18	42	0.000368	4.000000
19	0	0.000000	1.000000
19	1	0.019134	6.000000
19	2	0.005007	3.000000
19	3	0.000000	6.000000
19	4	0.000000	3.000000
19	5	0.005084	3.000000
19	6	0.000000	4.000000
19	7	0.003970	2.000000
19	8	0.000000	5.000000
19	9	0.000000	1.000000
19	10	0.000000	6.000000
19	11	0.000000	6.000000
19	12	0.000000	3.000000
19	13	0.000000	1.000000
19	14	0.000000	1.000000
19	15	0.000000	2.000000
19	16	0.000000	2.000000
19	17	0.000000	5.000000
19	18	0.003269	5.000000
19	19	NO TIENE
19	20	0.000000	2.000000
19	21	0.003578	2.000000
19	22	0.005178	4.000000
19	23	0.003843	4.000000
19	24	0.000000	1.000000
19	25	0.003588	3.000000
19	26	0.002540	3.000000
19	27	0.000000	5.000000
19	28	0.000000	4.000000
19	29	0.000000	3.000000
19	30	0.016346	5.000000
19	31	0.000000	2.000000
19	32	0.002154	1.000000
19	33	0.006606	4.000000
19	34	0.000000	4.000000
19	35	0.017456	4.000000
19	36	0.000000	5.000000
19	37	0.018315	5.000000
19	38	0.000000	3.000000
19	39	0.000367	4.000000
19	40	0.000000	4.000000
19	41	0.000000	5.000000
19	42	0.003331	2.000000
20	0	0.000000	2.000000
20	1	0.000000	6.000000
20	2	0.000000	3.000000
20	3	0.000000	5.000000
20	4	0.000000	3.000000
20	5	0.000000	3.000000
20	6	0.000000	3.000000
20	7	0.000000	2.000000
20	8	0.000000	4.000000
20	9	0.000000	1.000000
20	10	0.000355	6.000000
20	11	0.000000	5.000000
20	12	0.000000	3.000000
20	13	0.000000	3.000000
20	14	0.000000	3.000000
20	15	0.000000	1.000000
20	16	0.000000	2.000000
20	17	0.000000	6.000000
20	18	0.000000	5.000000
20	19	0.000000	2.000000
20	20	NO TIENE
20	21	0.000000	2.000000
20	22	0.000000	4.000000
20	23	0.000000	4.000000
20	24	0.000000	3.000000
20	25	0.000000	3.000000
20	26	0.000000	2.000000
20	27	0.000000	5.000000
20	28	0.000000	5.000000
20	29	0.000000	2.000000
20	30	0.000368	5.000000
20	31	0.000000	4.000000
20	32	0.000000	1.000000
20	33	0.000000	4.000000
20	34	0.000362	3.000000
20	35	0.000000	4.000000
20	36	0.000359	4.000000
20	37	0.000351	5.000000
20	38	0.000000	4.000000
20	39	0.000000	3.000000
20	40	0.000000	4.000000
20	41	0.000356	4.000000
20	42	0.000000	1.000000
21	0	0.000000	3.000000
21	1	0.011405	4.000000
21	2	0.000360	1.000000
21	3	0.004645	4.000000
21	4	0.004966	3.000000
21	5	0.000000	2.000000
21	6	0.004748	2.000000
21	7	0.000000	1.000000
21	8	0.004739	4.000000
21	9	0.000000	2.000000
21	10	0.010530	4.000000
21	11	0.003249	4.000000
21	12	0.004258	4.000000
21	13	0.004729	3.000000
21	14	0.005040	3.000000
21	15	0.000000	3.000000
21	16	0.000000	4.000000
21	17	0.005433	5.000000
21	18	0.000000	3.000000
21	19	0.002520	2.000000
21	20	0.000000	2.000000
21	21	NO TIENE
21	22	0.000000	2.000000
21	23	0.001095	2.000000
21	24	0.004267	3.000000
21	25	0.000000	1.000000
21	26	0.000000	1.000000
21	27	0.003335	5.000000
21	28	0.005453	6.000000
21	29	0.001409	2.000000
21	30	0.009961	3.000000
21	31	0.005848	4.000000
21	32	0.000000	1.000000
21	33	0.000000	3.000000
21	34	0.004022	3.000000
21	35	0.011392	2.000000
21	36	0.005365	3.000000
21	37	0.012017	3.000000
21	38	0.005082	5.000000
21	39	0.006652	3.000000
21	40	0.003621	4.000000
21	41	0.005735	3.000000
21	42	0.000000	1.000000
22	0	0.000000	5.000000
22	1	0.009256	5.000000
22	2	0.000000	1.000000
22	3	0.008285	5.000000
22	4	0.004714	5.000000
22	5	0.000000	1.000000
22	6	0.005459	4.000000
22	7	0.000000	2.000000
22	8	0.006098	6.000000
22	9	0.000000	4.000000
22	10	0.009811	5.000000
22	11	0.003922	6.000000
22	12	0.004683	6.000000
22	13	0.004844	5.000000
22	14	0.002176	5.000000
22	15	0.000000	5.000000
22	16	0.000000	6.000000
22	17	0.015102	6.000000
22	18	0.000000	1.000000
22	19	0.002174	4.000000
22	20	0.000000	4.000000
22	21	0.000368	2.000000
22	22	NO TIENE
22	23	0.000000	1.000000
22	24	0.002473	5.000000
22	25	0.000000	2.000000
22	26	0.000000	3.000000
22	27	0.005096	7.000000
22	28	0.010193	7.000000
22	29	0.005376	4.000000
22	30	0.011552	4.000000
22	31	0.003583	6.000000
22	32	0.000000	3.000000
22	33	0.000000	1.000000
22	34	0.004995	5.000000
22	35	0.012903	3.000000
22	36	0.005350	5.000000
22	37	0.013940	4.000000
22	38	0.003240	7.000000
22	39	0.005820	5.000000
22	40	0.006266	6.000000
22	41	0.005476	5.000000
22	42	0.000000	3.000000
23	0	0.000000	5.000000
23	1	0.011486	5.000000
23	2	0.000000	1.000000
23	3	0.011852	5.000000
23	4	0.006620	5.000000
23	5	0.000000	2.000000
23	6	0.005827	4.000000
23	7	0.000000	3.000000
23	8	0.004301	6.000000
23	9	0.000000	4.000000
23	10	0.011179	5.000000
23	11	0.003901	6.000000
23	12	0.004394	6.000000
23	13	0.004264	5.000000
23	14	0.004056	5.000000
23	15	0.000000	5.000000
23	16	0.000704	6.000000
23	17	0.010776	6.000000
23	18	0.000000	1.000000
23	19	0.004300	4.000000
23	20	0.000000	4.000000
23	21	0.000000	2.000000
23	22	0.000000	1.000000
23	23	NO TIENE
23	24	0.006783	5.000000
23	25	0.000000	2.000000
23	26	0.000000	3.000000
23	27	0.006482	7.000000
23	28	0.014942	7.000000
23	29	0.002881	4.000000
23	30	0.010043	4.000000
23	31	0.002151	6.000000
23	32	0.000723	3.000000
23	33	0.000000	2.000000
23	34	0.006018	5.000000
23	35	0.011499	3.000000
23	36	0.004758	5.000000
23	37	0.014434	4.000000
23	38	0.001824	7.000000
23	39	0.003947	5.000000
23	40	0.003586	6.000000
23	41	0.005197	5.000000
23	42	0.000358	3.000000
24	0	0.000000	2.000000
24	1	0.012509	7.000000
24	2	0.003235	4.000000
24	3	0.000000	7.000000
24	4	0.000000	4.000000
24	5	0.002930	4.000000
24	6	0.000000	5.000000
24	7	0.001815	3.000000
24	8	0.000000	5.000000
24	9	0.000000	2.000000
24	10	0.000000	6.000000
24	11	0.000000	6.000000
24	12	0.000000	3.000000
24	13	0.000000	1.000000
24	14	0.000000	1.000000
24	15	0.000000	3.000000
24	16	0.000000	3.000000
24	17	0.000000	5.000000
24	18	0.005415	6.000000
24	19	0.000000	1.000000
24	20	0.000000	3.000000
24	21	0.002828	3.000000
24	22	0.002531	5.000000
24	23	0.004335	5.000000
24	24	NO TIENE
24	25	0.001840	4.000000
24	26	0.002515	4.000000
24	27	0.000000	5.000000
24	28	0.000000	4.000000
24	29	0.000000	4.000000
24	30	0.018712	6.000000
24	31	0.000000	2.000000
24	32	0.003264	2.000000
24	33	0.003212	5.000000
24	34	0.000000	5.000000
24	35	0.015681	5.000000
24	36	0.000713	6.000000
24	37	0.012217	6.000000
24	38	0.000000	3.000000
24	39	0.000000	5.000000
24	40	0.000000	4.000000
24	41	0.000000	6.000000
24	42	0.002874	3.000000
25	0	0.000000	4.000000
25	1	0.011603	3.000000
25	2	0.000000	1.000000
25	3	0.008059	3.000000
25	4	0.004213	4.000000
25	5	0.000000	1.000000
25	6	0.005521	2.000000
25	7	0.000000	2.000000
25	8	0.003544	4.000000
25	9	0.000000	3.000000
25	10	0.010593	3.000000
25	11	0.007897	4.000000
25	12	0.003683	5.000000
25	13	0.004009	4.000000
25	14	0.003310	4.000000
25	15	0.000000	4.000000
25	16	0.000000	5.000000
25	17	0.012778	4.000000
25	18	0.000000	3.000000
25	19	0.003551	3.000000
25	20	0.000000	3.000000
25	21	0.000000	1.000000
25	22	0.000000	2.000000
25	23	0.000000	2.000000
25	24	0.002899	4.000000
25	25	NO TIENE
25	26	0.000000	1.000000
25	27	0.010496	5.000000
25	28	0.012636	5.000000
25	29	0.003240	3.000000
25	30	0.011289	2.000000
25	31	0.002170	5.000000
25	32	0.000000	2.000000
25	33	0.000000	2.000000
25	34	0.005295	4.000000
25	35	0.018512	1.000000
25	36	0.005449	3.000000
25	37	0.008890	2.000000
25	38	0.003961	6.000000
25	39	0.004323	3.000000
25	40	0.003206	5.000000
25	41	0.005919	3.000000
25	42	0.000000	2.000000
26	0	0.000000	4.000000
26	1	0.001056	4.000000
26	2	0.000000	2.000000
26	3	0.004353	3.000000
26	4	0.005624	3.000000
26	5	0.000000	2.000000
26	6	0.003951	1.000000
26	7	0.000000	2.000000
26	8	0.007120	3.000000
26	9	0.000000	3.000000
26	10	0.004375	4.000000
26	11	0.004605	3.000000
26	12	0.004076	4.000000
26	13	0.003270	4.000000
26	14	0.003217	4.000000
26	15	0.000000	3.000000
26	16	0.000000	4.000000
26	17	0.004295	4.000000
26	18	0.000000	4.000000
26	19	0.004239	3.000000
26	20	0.000000	2.000000
26	21	0.000000	1.000000
26	22	0.000000	3.000000
26	23	0.000000	3.000000
26	24	0.004274	4.000000
26	25	0.000000	1.000000
26	26	NO TIENE
26	27	0.005513	5.000000
26	28	0.006120	5.000000
26	29	0.006993	2.000000
26	30	0.003648	3.000000
26	31	0.004346	5.000000
26	32	0.000000	2.000000
26	33	0.000000	3.000000
26	34	0.003264	3.000000
26	35	0.005000	2.000000
26	36	0.004671	2.000000
26	37	0.005459	3.000000
26	38	0.003639	5.000000
26	39	0.004726	2.000000
26	40	0.005002	4.000000
26	41	0.002472	2.000000
26	42	0.000000	1.000000
27	0	0.000000	4.000000
27	1	0.000000	4.000000
27	2	0.003920	6.000000
27	3	0.000000	3.000000
27	4	0.000000	2.000000
27	5	0.012420	6.000000
27	6	0.000000	4.000000
27	7	0.004965	6.000000
27	8	0.000000	2.000000
27	9	0.000000	5.000000
27	10	0.000000	2.000000
27	11	0.000000	2.000000
27	12	0.000000	2.000000
27	13	0.000000	6.000000
27	14	0.000000	4.000000
27	15	0.000000	4.000000
27	16	0.000000	3.000000
27	17	0.000000	1.000000
27	18	0.003623	8.000000
27	19	0.000000	5.000000
27	20	0.000000	5.000000
27	21	0.003613	5.000000
27	22	0.004022	7.000000
27	23	0.003568	7.000000
27	24	0.000000	5.000000
27	25	0.013284	5.000000
27	26	0.005842	5.000000
27	27	NO TIENE
27	28	0.000000	1.000000
27	29	0.000000	3.000000
27	30	0.000000	5.000000
27	31	0.000000	3.000000
27	32	0.004757	5.000000
27	33	0.016476	7.000000
27	34	0.000000	2.000000
27	35	0.000000	4.000000
27	36	0.000000	4.000000
27	37	0.000000	3.000000
27	38	0.000000	2.000000
27	39	0.000000	3.000000
27	40	0.000000	1.000000
27	41	0.000000	3.000000
27	42	0.006879	4.000000
28	0	0.000000	4.000000
28	1	0.000000	4.000000
28	2	0.011441	6.000000
28	3	0.000000	3.000000
28	4	0.000000	3.000000
28	5	0.014812	6.000000
28	6	0.000000	4.000000
28	7	0.003618	6.000000
28	8	0.000000	3.000000
28	9	0.000000	5.000000
28	10	0.000000	2.000000
28	11	0.000000	2.000000
28	12	0.000000	2.000000
28	13	0.000000	5.000000
28	14	0.000000	3.000000
28	15	0.000000	4.000000
28	16	0.000000	3.000000
28	17	0.000000	1.000000
28	18	0.009382	8.000000
28	19	0.000000	4.000000
28	20	0.000000	5.000000
28	21	0.004281	6.000000
28	22	0.013269	7.000000
28	23	0.011619	7.000000
28	24	0.000000	4.000000
28	25	0.012022	5.000000
28	26	0.005876	5.000000
28	27	0.000000	1.000000
28	28	NO TIENE
28	29	0.000000	4.000000
28	30	0.000000	5.000000
28	31	0.000000	2.000000
28	32	0.001795	5.000000
28	33	0.011269	7.000000
28	34	0.000000	3.000000
28	35	0.000000	4.000000
28	36	0.000000	4.000000
28	37	0.000000	3.000000
28	38	0.000000	1.000000
28	39	0.000000	4.000000
28	40	0.000000	2.000000
28	41	0.000000	3.000000
28	42	0.002857	5.000000
29	0	0.000000	3.000000
29	1	0.000000	4.000000
29	2	0.006791	3.000000
29	3	0.000000	3.000000
29	4	0.000000	1.000000
29	5	0.003951	4.000000
29	6	0.000000	1.000000
29	7	0.004636	3.000000
29	8	0.000000	2.000000
29	9	0.000000	2.000000
29	10	0.000000	4.000000
29	11	0.000000	3.000000
29	12	0.000000	2.000000
29	13	0.000000	4.000000
29	14	0.000000	4.000000
29	15	0.000000	1.000000
29	16	0.000000	2.000000
29	17	0.000000	4.000000
29	18	0.003678	5.000000
29	19	0.000000	3.000000
29	20	0.000000	2.000000
29	21	0.003941	2.000000
29	22	0.006837	4.000000
29	23	0.006972	4.000000
29	24	0.000000	4.000000
29	25	0.006531	3.000000
29	26	0.004388	2.000000
29	27	0.000000	3.000000
29	28	0.000000	4.000000
29	29	NO TIENE
29	30	0.000359	3.000000
29	31	0.000000	3.000000
29	32	0.003640	2.000000
29	33	0.005126	5.000000
29	34	0.000000	1.000000
29	35	0.000000	2.000000
29	36	0.000000	2.000000
29	37	0.000000	3.000000
29	38	0.000000	3.000000
29	39	0.000000	1.000000
29	40	0.000000	2.000000
29	41	0.000000	2.000000
29	42	0.003293	1.000000
30	0	0.000710	6.000000
30	1	0.000000	1.000000
30	2	0.014146	3.000000
30	3	0.000000	2.000000
30	4	0.000000	4.000000
30	5	0.014317	3.000000
30	6	0.000000	2.000000
30	7	0.015035	4.000000
30	8	0.000000	4.000000
30	9	0.000713	5.000000
30	10	0.000000	3.000000
30	11	0.000000	3.000000
30	12	0.000000	5.000000
30	13	0.015130	6.000000
30	14	0.017699	6.000000
30	15	0.000000	4.000000
30	16	0.000000	5.000000
30	17	0.000000	4.000000
30	18	0.013640	5.000000
30	19	0.012727	5.000000
30	20	0.000000	5.000000
30	21	0.010757	3.000000
30	22	0.013058	4.000000
30	23	0.012191	4.000000
30	24	0.015108	6.000000
30	25	0.011591	2.000000
30	26	0.004034	3.000000
30	27	0.000000	5.000000
30	28	0.000000	5.000000
30	29	0.000000	3.000000
30	30	NO TIENE
30	31	0.000000	6.000000
30	32	0.014069	4.000000
30	33	0.014549	4.000000
30	34	0.000000	4.000000
30	35	0.000000	1.000000
30	36	0.000000	3.000000
30	37	0.000000	2.000000
30	38	0.000000	6.000000
30	39	0.000000	3.000000
30	40	0.000000	5.000000
30	41	0.000000	3.000000
30	42	0.005553	4.000000
31	0	0.000000	3.000000
31	1	0.000000	6.000000
31	2	0.002860	5.000000
31	3	0.000000	5.000000
31	4	0.000000	2.000000
31	5	0.004947	5.000000
31	6	0.000000	4.000000
31	7	0.004320	4.000000
31	8	0.000000	3.000000
31	9	0.000000	3.000000
31	10	0.000000	4.000000
31	11	0.000000	4.000000
31	12	0.000000	1.000000
31	13	0.000000	3.000000
31	14	0.000000	1.000000
31	15	0.000000	3.000000
31	16	0.000000	2.000000
31	17	0.000000	3.000000
31	18	0.002518	7.000000
31	19	0.000000	2.000000
31	20	0.000000	4.000000
31	21	0.003975	4.000000
31	22	0.001097	6.000000
31	23	0.003960	6.000000
31	24	0.000000	2.000000
31	25	0.003658	5.000000
31	26	0.002961	5.000000
31	27	0.000000	3.000000
31	28	0.000000	2.000000
31	29	0.000000	3.000000
31	30	0.000000	6.000000
31	31	NO TIENE
31	32	0.001829	3.000000
31	33	0.001469	6.000000
31	34	0.000000	3.000000
31	35	0.000000	5.000000
31	36	0.000365	5.000000
31	37	0.000000	5.000000
31	38	0.000000	1.000000
31	39	0.000000	4.000000
31	40	0.000000	2.000000
31	41	0.000000	5.000000
31	42	0.005827	4.000000
32	0	0.000000	2.000000
32	1	0.013020	5.000000
32	2	0.000000	2.000000
32	3	0.005680	5.000000
32	4	0.003207	3.000000
32	5	0.000000	2.000000
32	6	0.005820	3.000000
32	7	0.000000	1.000000
32	8	0.005865	4.000000
32	9	0.000000	1.000000
32	10	0.013281	5.000000
32	11	0.004020	5.000000
32	12	0.000000	4.000000
32	13	0.004372	2.000000
32	14	0.004378	2.000000
32	15	0.000000	2.000000
32	16	0.000000	3.000000
32	17	0.006562	6.000000
32	18	0.000000	4.000000
32	19	0.003250	1.000000
32	20	0.000000	1.000000
32	21	0.000000	1.000000
32	22	0.000000	3.000000
32	23	0.000000	3.000000
32	24	0.004640	2.000000
32	25	0.000000	2.000000
32	26	0.000000	2.000000
32	27	0.007418	5.000000
32	28	0.003280	5.000000
32	29	0.006144	2.000000
32	30	0.016194	4.000000
32	31	0.004708	3.000000
32	32	NO TIENE
32	33	0.000000	3.000000
32	34	0.004020	3.000000
32	35	0.013121	3.000000
32	36	0.005486	4.000000
32	37	0.012411	4.000000
32	38	0.002186	4.000000
32	39	0.003955	3.000000
32	40	0.005027	4.000000
32	41	0.005716	4.000000
32	42	0.000000	1.000000
33	0	0.000000	5.000000
33	1	0.010298	5.000000
33	2	0.000000	2.000000
33	3	0.012992	5.000000
33	4	0.004292	6.000000
33	5	0.000000	1.000000
33	6	0.005505	4.000000
33	7	0.000000	2.000000
33	8	0.003984	6.000000
33	9	0.000000	4.000000
33	10	0.016482	5.000000
33	11	0.004671	6.000000
33	12	0.003973	7.000000
33	13	0.002907	5.000000
33	14	0.004035	5.000000
33	15	0.000000	5.000000
33	16	0.000000	6.000000
33	17	0.012191	6.000000
33	18	0.000000	1.000000
33	19	0.002162	4.000000
33	20	0.000000	4.000000
33	21	0.000000	3.000000
33	22	0.000000	1.000000
33	23	0.000000	2.000000
33	24	0.003919	5.000000
33	25	0.000000	2.000000
33	26	0.000000	3.000000
33	27	0.015468	7.000000
33	28	0.009322	7.000000
33	29	0.007962	5.000000
33	30	0.015737	4.000000
33	31	0.002961	6.000000
33	32	0.000000	3.000000
33	33	NO TIENE
33	34	0.003294	6.000000
33	35	0.013699	3.000000
33	36	0.005136	5.000000
33	37	0.012416	4.000000
33	38	0.003340	7.000000
33	39	0.005018	5.000000
33	40	0.004270	7.000000
33	41	0.004234	5.000000
33	42	0.000000	4.000000
34	0	0.000000	3.000000
34	1	0.000000	4.000000
34	2	0.004519	4.000000
34	3	0.000000	3.000000
34	4	0.000000	1.000000
34	5	0.005602	5.000000
34	6	0.000000	2.000000
34	7	0.002532	4.000000
34	8	0.000000	1.000000
34	9	0.000000	3.000000
34	10	0.000000	3.000000
34	11	0.000000	2.000000
34	12	0.000000	2.000000
34	13	0.000000	5.000000
34	14	0.000000	4.000000
34	15	0.000000	2.000000
34	16	0.000000	2.000000
34	17	0.000000	3.000000
34	18	0.003940	6.000000
34	19	0.000000	4.000000
34	20	0.000000	3.000000
34	21	0.004004	3.000000
34	22	0.002510	5.000000
34	23	0.003227	5.000000
34	24	0.000000	5.000000
34	25	0.003912	4.000000
34	26	0.004772	3.000000
34	27	0.000000	2.000000
34	28	0.000000	3.000000
34	29	0.000000	1.000000
34	30	0.000000	4.000000
34	31	0.000000	3.000000
34	32	0.002984	3.000000
34	33	0.005531	6.000000
34	34	NO TIENE
34	35	0.000000	3.000000
34	36	0.000000	3.000000
34	37	0.000000	4.000000
34	38	0.000000	2.000000
34	39	0.000000	1.000000
34	40	0.000000	1.000000
34	41	0.000000	2.000000
34	42	0.003588	2.000000
35	0	0.000000	5.000000
35	1	0.000000	2.000000
35	2	0.014828	2.000000
35	3	0.000000	2.000000
35	4	0.000366	3.000000
35	5	0.013562	2.000000
35	6	0.000000	1.000000
35	7	0.013107	3.000000
35	8	0.000000	3.000000
35	9	0.000000	4.000000
35	10	0.000000	2.000000
35	11	0.000000	3.000000
35	12	0.000000	4.000000
35	13	0.017955	5.000000
35	14	0.015535	5.000000
35	15	0.000360	3.000000
35	16	0.000000	4.000000
35	17	0.000000	3.000000
35	18	0.013455	4.000000
35	19	0.016263	4.000000
35	20	0.000000	4.000000
35	21	0.012663	2.000000
35	22	0.009465	3.000000
35	23	0.011420	3.000000
35	24	0.013820	5.000000
35	25	0.011845	1.000000
35	26	0.003606	2.000000
35	27	0.000000	4.000000
35	28	0.000000	4.000000
35	29	0.000000	2.000000
35	30	0.000000	1.000000
35	31	0.000000	5.000000
35	32	0.017818	3.000000
35	33	0.015048	3.000000
35	34	0.000000	3.000000
35	35	NO TIENE
35	36	0.000000	2.000000
35	37	0.000000	1.000000
35	38	0.000000	5.000000
35	39	0.000000	2.000000
35	40	0.000000	4.000000
35	41	0.000000	2.000000
35	42	0.004402	3.000000
36	0	0.000000	5.000000
36	1	0.000000	2.000000
36	2	0.003568	4.000000
36	3	0.000000	1.000000
36	4	0.000359	3.000000
36	5	0.006003	4.000000
36	6	0.000000	1.000000
36	7	0.004443	4.000000
36	8	0.000000	3.000000
36	9	0.000000	4.000000
36	10	0.000000	2.000000
36	11	0.000000	2.000000
36	12	0.000000	4.000000
36	13	0.000000	6.000000
36	14	0.000000	6.000000
36	15	0.000000	3.000000
36	16	0.000354	4.000000
36	17	0.000000	3.000000
36	18	0.008683	6.000000
36	19	0.000000	5.000000
36	20	0.000000	4.000000
36	21	0.004289	3.000000
36	22	0.005106	5.000000
36	23	0.004392	5.000000
36	24	0.000368	6.000000
36	25	0.005702	3.000000
36	26	0.005376	2.000000
36	27	0.000000	4.000000
36	28	0.000000	4.000000
36	29	0.000000	2.000000
36	30	0.000000	3.000000
36	31	0.000000	5.000000
36	32	0.003628	4.000000
36	33	0.004317	5.000000
36	34	0.000000	3.000000
36	35	0.000000	2.000000
36	36	NO TIENE
36	37	0.000000	2.000000
36	38	0.000000	5.000000
36	39	0.000000	2.000000
36	40	0.000000	4.000000
36	41	0.000000	1.000000
36	42	0.003906	3.000000
37	0	0.000000	6.000000
37	1	0.000000	1.000000
37	2	0.013281	3.000000
37	3	0.000000	1.000000
37	4	0.000000	4.000000
37	5	0.012286	3.000000
37	6	0.000000	2.000000
37	7	0.012310	4.000000
37	8	0.000000	3.000000
37	9	0.000000	5.000000
37	10	0.000000	1.000000
37	11	0.000000	2.000000
37	12	0.000000	5.000000
37	13	0.016037	6.000000
37	14	0.000000	6.000000
37	15	0.000000	4.000000
37	16	0.000000	5.000000
37	17	0.000000	2.000000
37	18	0.012880	5.000000
37	19	0.013158	5.000000
37	20	0.000000	5.000000
37	21	0.010186	3.000000
37	22	0.014192	4.000000
37	23	0.012752	4.000000
37	24	0.015647	6.000000
37	25	0.009121	2.000000
37	26	0.004473	3.000000
37	27	0.000000	3.000000
37	28	0.000000	3.000000
37	29	0.000000	3.000000
37	30	0.000000	2.000000
37	31	0.000000	5.000000
37	32	0.010753	4.000000
37	33	0.016828	4.000000
37	34	0.000000	4.000000
37	35	0.000000	1.000000
37	36	0.000000	2.000000
37	37	NO TIENE
37	38	0.000000	4.000000
37	39	0.000000	3.000000
37	40	0.000000	4.000000
37	41	0.000000	3.000000
37	42	0.005869	4.000000
38	0	0.000000	3.000000
38	1	0.000000	5.000000
38	2	0.005545	6.000000
38	3	0.000000	4.000000
38	4	0.000000	2.000000
38	5	0.003984	6.000000
38	6	0.000000	4.000000
38	7	0.003287	5.000000
38	8	0.000000	2.000000
38	9	0.000000	4.000000
38	10	0.000000	3.000000
38	11	0.000000	3.000000
38	12	0.000000	1.000000
38	13	0.000000	4.000000
38	14	0.000000	2.000000
38	15	0.000000	3.000000
38	16	0.000000	2.000000
38	17	0.000000	2.000000
38	18	0.002556	8.000000
38	19	0.000000	3.000000
38	20	0.000000	4.000000
38	21	0.004635	5.000000
38	22	0.003640	7.000000
38	23	0.003693	7.000000
38	24	0.000000	3.000000
38	25	0.005429	6.000000
38	26	0.003968	5.000000
38	27	0.000000	2.000000
38	28	0.000000	1.000000
38	29	0.000000	3.000000
38	30	0.000000	6.000000
38	31	0.000000	1.000000
38	32	0.004400	4.000000
38	33	0.002817	7.000000
38	34	0.000000	2.000000
38	35	0.000000	5.000000
38	36	0.000000	5.000000
38	37	0.000000	4.000000
38	38	NO TIENE
38	39	0.000000	3.000000
38	40	0.000000	1.000000
38	41	0.000000	4.000000
38	42	0.003938	4.000000
39	0	0.000000	4.000000
39	1	0.000000	4.000000
39	2	0.002178	4.000000
39	3	0.000000	3.000000
39	4	0.000000	2.000000
39	5	0.004255	4.000000
39	6	0.000000	1.000000
39	7	0.004605	4.000000
39	8	0.000000	1.000000
39	9	0.000000	3.000000
39	10	0.000000	3.000000
39	11	0.000000	2.000000
39	12	0.000000	3.000000
39	13	0.000000	5.000000
39	14	0.000000	5.000000
39	15	0.000000	2.000000
39	16	0.000000	3.000000
39	17	0.000000	3.000000
39	18	0.005459	6.000000
39	19	0.000000	4.000000
39	20	0.000000	3.000000
39	21	0.002504	3.000000
39	22	0.004335	5.000000
39	23	0.005933	5.000000
39	24	0.000000	5.000000
39	25	0.004337	3.000000
39	26	0.003225	2.000000
39	27	0.000000	3.000000
39	28	0.000000	4.000000
39	29	0.000000	1.000000
39	30	0.000000	3.000000
39	31	0.000000	4.000000
39	32	0.003647	3.000000
39	33	0.003927	5.000000
39	34	0.000000	1.000000
39	35	0.000000	2.000000
39	36	0.000000	2.000000
39	37	0.000000	3.000000
39	38	0.000000	3.000000
39	39	NO TIENE
39	40	0.000000	2.000000
39	41	0.000000	1.000000
39	42	0.005451	2.000000
40	0	0.000000	3.000000
40	1	0.000000	4.000000
40	2	0.004678	5.000000
40	3	0.000000	3.000000
40	4	0.000000	1.000000
40	5	0.003244	6.000000
40	6	0.000000	3.000000
40	7	0.005795	5.000000
40	8	0.000000	1.000000
40	9	0.000000	4.000000
40	10	0.000000	3.000000
40	11	0.000000	2.000000
40	12	0.000000	1.000000
40	13	0.000000	5.000000
40	14	0.000000	3.000000
40	15	0.000000	3.000000
40	16	0.000000	2.000000
40	17	0.000000	2.000000
40	18	0.004602	7.000000
40	19	0.000000	4.000000
40	20	0.000000	4.000000
40	21	0.003915	4.000000
40	22	0.003958	6.000000
40	23	0.003990	6.000000
40	24	0.000000	4.000000
40	25	0.003281	5.000000
40	26	0.003349	4.000000
40	27	0.000000	1.000000
40	28	0.000000	2.000000
40	29	0.000000	2.000000
40	30	0.000000	5.000000
40	31	0.000000	2.000000
40	32	0.002862	4.000000
40	33	0.004651	7.000000
40	34	0.000000	1.000000
40	35	0.000000	4.000000
40	36	0.000000	4.000000
40	37	0.000000	4.000000
40	38	0.000000	1.000000
40	39	0.000000	2.000000
40	40	NO TIENE
40	41	0.000000	3.000000
40	42	0.003934	3.000000
41	0	0.000000	5.000000
41	1	0.000000	3.000000
41	2	0.003288	4.000000
41	3	0.000000	2.000000
41	4	0.000000	3.000000
41	5	0.002165	4.000000
41	6	0.000000	1.000000
41	7	0.002898	4.000000
41	8	0.000000	2.000000
41	9	0.000000	4.000000
41	10	0.000000	2.000000
41	11	0.000000	1.000000
41	12	0.000000	4.000000
41	13	0.000000	6.000000
41	14	0.000000	6.000000
41	15	0.000000	3.000000
41	16	0.000000	4.000000
41	17	0.000000	2.000000
41	18	0.006033	6.000000
41	19	0.000363	5.000000
41	20	0.000000	4.000000
41	21	0.004603	3.000000
41	22	0.005300	5.000000
41	23	0.004620	5.000000
41	24	0.000000	6.000000
41	25	0.002553	3.000000
41	26	0.007299	2.000000
41	27	0.000000	3.000000
41	28	0.000000	3.000000
41	29	0.000000	2.000000
41	30	0.000000	3.000000
41	31	0.000000	5.000000
41	32	0.004963	4.000000
41	33	0.005455	5.000000
41	34	0.000000	2.000000
41	35	0.000000	2.000000
41	36	0.000000	1.000000
41	37	0.000000	3.000000
41	38	0.000000	4.000000
41	39	0.000000	1.000000
41	40	0.000000	3.000000
41	41	NO TIENE
41	42	0.004000	3.000000
42	0	0.000000	3.000000
42	1	0.005102	5.000000
42	2	0.000364	2.000000
42	3	0.005009	4.000000
42	4	0.003600	2.000000
42	5	0.000000	3.000000
42	6	0.006162	2.000000
42	7	0.000000	2.000000
42	8	0.005166	3.000000
42	9	0.000000	2.000000
42	10	0.003201	5.000000
42	11	0.005018	4.000000
42	12	0.005332	3.000000
42	13	0.002590	3.000000
42	14	0.004375	3.000000
42	15	0.000000	2.000000
42	16	0.000000	3.000000
42	17	0.004751	5.000000
42	18	0.000000	4.000000
42	19	0.003160	2.000000
42	20	0.000000	1.000000
42	21	0.000000	1.000000
42	22	0.000000	3.000000
42	23	0.000000	3.000000
42	24	0.003947	3.000000
42	25	0.000000	2.000000
42	26	0.000000	1.000000
42	27	0.005762	4.000000
42	28	0.003622	5.000000
42	29	0.006052	1.000000
42	30	0.003938	4.000000
42	31	0.005032	4.000000
42	32	0.000000	1.000000
42	33	0.000000	4.000000
42	34	0.004880	2.000000
42	35	0.006071	3.000000
42	36	0.006388	3.000000
42	37	0.003254	4.000000
42	38	0.002836	4.000000
42	39	0.006486	2.000000
42	40	0.005061	3.000000
42	41	0.004729	3.000000
42	42	NO TIENE
+++
RED:EuroCore.rut
********************************************************
********************************************************
Probablidad de Bloqueo por usuario con 3 Long. de Onda:
Probablidad de Bloqueo total de la Red: 0.012529
********************************************************
Origen	Destino	Prob.Bloqueo	Saltos
********************************************************
0	0	NO TIENE
0	1	0.000000	1.000000
0	2	0.024937	2.000000
0	3	0.046404	3.000000
0	4	0.050329	2.000000
0	5	0.024720	1.000000
0	6	0.000000	1.000000
0	7	0.024227	1.000000
0	8	0.024669	2.000000
0	9	0.024708	2.000000
0	10	0.024557	2.000000
1	0	0.000000	1.000000
1	1	NO TIENE
1	2	0.027533	1.000000
1	3	0.025003	2.000000
1	4	0.023939	1.000000
1	5	0.025412	2.000000
1	6	0.000000	1.000000
1	7	0.023997	1.000000
1	8	0.026803	2.000000
1	9	0.049282	2.000000
1	10	0.049024	2.000000
2	0	0.026149	2.000000
2	1	0.025496	1.000000
2	2	NO TIENE
2	3	0.022626	1.000000
2	4	0.000000	2.000000
2	5	0.047271	3.000000
2	6	0.025409	2.000000
2	7	0.000000	1.000000
2	8	0.000000	1.000000
2	9	0.024748	2.000000
2	10	0.045563	2.000000
3	0	0.046951	3.000000
3	1	0.022720	2.000000
3	2	0.021926	1.000000
3	3	NO TIENE
3	4	0.000000	1.000000
3	5	0.025678	2.000000
3	6	0.048355	2.000000
3	7	0.000000	2.000000
3	8	0.000000	1.000000
3	9	0.026095	2.000000
3	10	0.022057	1.000000
4	0	0.050035	2.000000
4	1	0.024811	1.000000
4	2	0.000000	2.000000
4	3	0.000000	1.000000
4	4	NO TIENE
4	5	0.024126	1.000000
4	6	0.047555	2.000000
4	7	0.049699	2.000000
4	8	0.000000	1.000000
4	9	0.048937	2.000000
4	10	0.023831	1.000000
5	0	0.023885	1.000000
5	1	0.026012	2.000000
5	2	0.047808	3.000000
5	3	0.024482	2.000000
5	4	0.024803	1.000000
5	5	NO TIENE
5	6	0.000000	1.000000
5	7	0.049630	2.000000
5	8	0.024823	2.000000
5	9	0.026070	2.000000
5	10	0.000000	1.000000
6	0	0.000000	1.000000
6	1	0.000000	1.000000
6	2	0.024100	2.000000
6	3	0.048699	2.000000
6	4	0.046814	2.000000
6	5	0.000000	1.000000
6	6	NO TIENE
6	7	0.024957	2.000000
6	8	0.049977	2.000000
6	9	0.024246	1.000000
6	10	0.022830	1.000000
7	0	0.023964	1.000000
7	1	0.024682	1.000000
7	2	0.000000	1.000000
7	3	0.000000	2.000000
7	4	0.048272	2.000000
7	5	0.047715	2.000000
7	6	0.024052	2.000000
7	7	NO TIENE
7	8	0.000000	1.000000
7	9	0.024187	1.000000
7	10	0.047244	2.000000
8	0	0.024242	2.000000
8	1	0.025839	2.000000
8	2	0.000000	1.000000
8	3	0.000000	1.000000
8	4	0.000000	1.000000
8	5	0.024381	2.000000
8	6	0.049260	2.000000
8	7	0.000000	1.000000
8	8	NO TIENE
8	9	0.022884	1.000000
8	10	0.048494	2.000000
9	0	0.024424	2.000000
9	1	0.050134	2.000000
9	2	0.023587	2.000000
9	3	0.026042	2.000000
9	4	0.045127	2.000000
9	5	0.026405	2.000000
9	6	0.024947	1.000000
9	7	0.024081	1.000000
9	8	0.023914	1.000000
9	9	NO TIENE
9	10	0.023211	1.000000
10	0	0.023493	2.000000
10	1	0.050007	2.000000
10	2	0.046667	2.000000
10	3	0.022034	1.000000
10	4	0.023918	1.000000
10	5	0.000000	1.000000
10	6	0.024734	1.000000
10	7	0.047261	2.000000
10	8	0.049279	2.000000
10	9	0.022938	1.000000
10	10	NO TIENE
+++
RED:ArpaNet.rut
********************************************************
********************************************************
Probablidad de Bloqueo por usuario con 17 Long. de Onda:
Probablidad de Bloqueo total de la Red: 0.001164
********************************************************
Origen	Destino	Prob.Bloqueo	Saltos
********************************************************
0	0	NO TIENE
0	1	0.000000	1.000000
0	2	0.000000	1.000000
0	3	0.000000	2.000000
0	4	0.000000	2.000000
0	5	0.000000	3.000000
0	6	0.000000	3.000000
0	7	0.003599	3.000000
0	8	0.002645	3.000000
0	9	0.003263	2.000000
0	10	0.002518	1.000000
0	11	0.005613	2.000000
0	12	0.005878	3.000000
0	13	0.007701	4.000000
0	14	0.006343	4.000000
0	15	0.005714	5.000000
0	16	0.006191	4.000000
0	17	0.005115	4.000000
0	18	0.006238	3.000000
0	19	0.006291	4.000000
1	0	0.000000	1.000000
1	1	NO TIENE
1	2	0.000000	1.000000
1	3	0.000000	1.000000
1	4	0.000000	2.000000
1	5	0.000000	2.000000
1	6	0.000000	3.000000
1	7	0.000304	3.000000
1	8	0.000769	4.000000
1	9	0.002934	3.000000
1	10	0.002520	2.000000
1	11	0.006539	3.000000
1	12	0.005423	4.000000
1	13	0.002721	5.000000
1	14	0.003717	4.000000
1	15	0.003030	5.000000
1	16	0.005703	5.000000
1	17	0.003271	5.000000
1	18	0.006491	4.000000
1	19	0.005368	5.000000
2	0	0.000000	1.000000
2	1	0.000000	1.000000
2	2	NO TIENE
2	3	0.000000	2.000000
2	4	0.000000	1.000000
2	5	0.000000	3.000000
2	6	0.000000	2.000000
2	7	0.000607	4.000000
2	8	0.000451	3.000000
2	9	0.002656	3.000000
2	10	0.003254	2.000000
2	11	0.005766	3.000000
2	12	0.006477	4.000000
2	13	0.006549	5.000000
2	14	0.004533	5.000000
2	15	0.003692	6.000000
2	16	0.005340	5.000000
2	17	0.003571	4.000000
2	18	0.006397	4.000000
2	19	0.004434	5.000000
3	0	0.000000	2.000000
3	1	0.000000	1.000000
3	2	0.000000	2.000000
3	3	NO TIENE
3	4	0.000000	1.000000
3	5	0.000000	1.000000
3	6	0.000000	2.000000
3	7	0.000229	2.000000
3	8	0.000743	3.000000
3	9	0.000153	3.000000
3	10	0.002957	3.000000
3	11	0.004583	4.000000
3	12	0.004438	5.000000
3	13	0.003423	4.000000
3	14	0.004432	3.000000
3	15	0.004601	4.000000
3	16	0.004637	5.000000
3	17	0.004397	4.000000
3	18	0.005787	5.000000
3	19	0.003563	5.000000
4	0	0.000000	2.000000
4	1	0.000000	2.000000
4	2	0.000000	1.000000
4	3	0.000000	1.000000
4	4	NO TIENE
4	5	0.000000	2.000000
4	6	0.000000	1.000000
4	7	0.000916	3.000000
4	8	0.000379	2.000000
4	9	0.000530	3.000000
4	10	0.002723	3.000000
4	11	0.007213	4.000000
4	12	0.006695	5.000000
4	13	0.003277	5.000000
4	14	0.003947	4.000000
4	15	0.003275	5.000000
4	16	0.003503	4.000000
4	17	0.002905	3.000000
4	18	0.002226	4.000000
4	19	0.004054	4.000000
5	0	0.000000	3.000000
5	1	0.000000	2.000000
5	2	0.000000	3.000000
5	3	0.000000	1.000000
5	4	0.000000	2.000000
5	5	NO TIENE
5	6	0.000000	1.000000
5	7	0.000151	1.000000
5	8	0.000534	2.000000
5	9	0.000525	2.000000
5	10	0.000534	3.000000
5	11	0.003321	4.000000
5	12	0.003425	4.000000
5	13	0.003322	3.000000
5	14	0.003484	2.000000
5	15	0.003491	3.000000
5	16	0.003525	4.000000
5	17	0.002267	3.000000
5	18	0.004579	4.000000
5	19	0.003738	4.000000
6	0	0.000000	3.000000
6	1	0.000000	3.000000
6	2	0.000000	2.000000
6	3	0.000000	2.000000
6	4	0.000000	1.000000
6	5	0.000000	1.000000
6	6	NO TIENE
6	7	0.000458	2.000000
6	8	0.000380	1.000000
6	9	0.000459	2.000000
6	10	0.000764	3.000000
6	11	0.003637	4.000000
6	12	0.004580	4.000000
6	13	0.004007	4.000000
6	14	0.003495	3.000000
6	15	0.003194	4.000000
6	16	0.003522	3.000000
6	17	0.004628	2.000000
6	18	0.003718	3.000000
6	19	0.005360	3.000000
7	0	0.002942	3.000000
7	1	0.000756	3.000000
7	2	0.000228	4.000000
7	3	0.000531	2.000000
7	4	0.000837	3.000000
7	5	0.000382	1.000000
7	6	0.000608	2.000000
7	7	NO TIENE
7	8	0.000000	1.000000
7	9	0.000000	1.000000
7	10	0.000000	2.000000
7	11	0.002938	3.000000
7	12	0.003831	3.000000
7	13	0.003963	2.000000
7	14	0.003490	1.000000
7	15	0.003259	2.000000
7	16	0.002895	3.000000
7	17	0.002814	2.000000
7	18	0.003865	3.000000
7	19	0.003493	3.000000
8	0	0.003169	3.000000
8	1	0.000226	4.000000
8	2	0.000836	3.000000
8	3	0.000458	3.000000
8	4	0.000523	2.000000
8	5	0.000530	2.000000
8	6	0.000226	1.000000
8	7	0.000000	1.000000
8	8	NO TIENE
8	9	0.000000	1.000000
8	10	0.000000	2.000000
8	11	0.003269	3.000000
8	12	0.002499	3.000000
8	13	0.002814	3.000000
8	14	0.002726	2.000000
8	15	0.002987	3.000000
8	16	0.003328	2.000000
8	17	0.003737	1.000000
8	18	0.005532	2.000000
8	19	0.003578	2.000000
9	0	0.002955	2.000000
9	1	0.002880	3.000000
9	2	0.003272	3.000000
9	3	0.000454	3.000000
9	4	0.000377	3.000000
9	5	0.000613	2.000000
9	6	0.000306	2.000000
9	7	0.000000	1.000000
9	8	0.000000	1.000000
9	9	NO TIENE
9	10	0.000000	1.000000
9	11	0.003857	2.000000
9	12	0.002277	3.000000
9	13	0.003005	3.000000
9	14	0.003177	2.000000
9	15	0.003543	3.000000
9	16	0.002950	3.000000
9	17	0.003872	2.000000
9	18	0.002954	3.000000
9	19	0.004041	3.000000
10	0	0.003009	1.000000
10	1	0.003270	2.000000
10	2	0.003088	2.000000
10	3	0.002955	3.000000
10	4	0.003396	3.000000
10	5	0.000454	3.000000
10	6	0.000530	3.000000
10	7	0.000000	2.000000
10	8	0.000000	2.000000
10	9	0.000000	1.000000
10	10	NO TIENE
10	11	0.002345	1.000000
10	12	0.003819	2.000000
10	13	0.002415	3.000000
10	14	0.003342	3.000000
10	15	0.003096	4.000000
10	16	0.003104	3.000000
10	17	0.003579	3.000000
10	18	0.002732	2.000000
10	19	0.002718	3.000000
11	0	0.005538	2.000000
11	1	0.005366	3.000000
11	2	0.004840	3.000000
11	3	0.005576	4.000000
11	4	0.005482	4.000000
11	5	0.004137	4.000000
11	6	0.003961	4.000000
11	7	0.002135	3.000000
11	8	0.002955	3.000000
11	9	0.002125	2.000000
11	10	0.002570	1.000000
11	11	NO TIENE
11	12	0.000000	1.000000
11	13	0.000000	2.000000
11	14	0.000000	3.000000
11	15	0.000075	3.000000
11	16	0.000000	2.000000
11	17	0.000000	2.000000
11	18	0.000000	1.000000
11	19	0.000000	2.000000
12	0	0.006961	3.000000
12	1	0.005568	4.000000
12	2	0.005314	4.000000
12	3	0.004676	5.000000
12	4	0.006369	5.000000
12	5	0.003260	4.000000
12	6	0.003132	4.000000
12	7	0.003412	3.000000
12	8	0.003146	3.000000
12	9	0.002357	3.000000
12	10	0.002661	2.000000
12	11	0.000000	1.000000
12	12	NO TIENE
12	13	0.000000	1.000000
12	14	0.000000	2.000000
12	15	0.000000	2.000000
12	16	0.000000	1.000000
12	17	0.000000	2.000000
12	18	0.000000	2.000000
12	19	0.000000	3.000000
13	0	0.004676	4.000000
13	1	0.004177	5.000000
13	2	0.006150	5.000000
13	3	0.004102	4.000000
13	4	0.003406	5.000000
13	5	0.003707	3.000000
13	6	0.003345	4.000000
13	7	0.003785	2.000000
13	8	0.003396	3.000000
13	9	0.002820	3.000000
13	10	0.002290	3.000000
13	11	0.000000	2.000000
13	12	0.000000	1.000000
13	13	NO TIENE
13	14	0.000000	1.000000
13	15	0.000000	1.000000
13	16	0.000000	2.000000
13	17	0.000000	3.000000
13	18	0.000000	3.000000
13	19	0.000000	4.000000
14	0	0.007020	4.000000
14	1	0.003593	4.000000
14	2	0.004339	5.000000
14	3	0.003888	3.000000
14	4	0.004839	4.000000
14	5	0.004290	2.000000
14	6	0.003913	3.000000
14	7	0.003885	1.000000
14	8	0.002809	2.000000
14	9	0.003162	2.000000
14	10	0.003405	3.000000
14	11	0.000000	3.000000
14	12	0.000000	2.000000
14	13	0.000000	1.000000
14	14	NO TIENE
14	15	0.000000	1.000000
14	16	0.000000	2.000000
14	17	0.000000	3.000000
14	18	0.000000	4.000000
14	19	0.000000	4.000000
15	0	0.007131	5.000000
15	1	0.004749	5.000000
15	2	0.004356	6.000000
15	3	0.004088	4.000000
15	4	0.004608	5.000000
15	5	0.004079	3.000000
15	6	0.004685	4.000000
15	7	0.004308	2.000000
15	8	0.002933	3.000000
15	9	0.003254	3.000000
15	10	0.002711	4.000000
15	11	0.000000	3.000000
15	12	0.000000	2.000000
15	13	0.000000	1.000000
15	14	0.000000	1.000000
15	15	NO TIENE
15	16	0.000000	1.000000
15	17	0.000000	2.000000
15	18	0.000000	3.000000
15	19	0.000000	3.000000
16	0	0.006023	4.000000
16	1	0.005635	5.000000
16	2	0.006078	5.000000
16	3	0.003354	5.000000
16	4	0.004873	4.000000
16	5	0.003352	4.000000
16	6	0.002799	3.000000
16	7	0.004190	3.000000
16	8	0.002809	2.000000
16	9	0.002576	3.000000
16	10	0.002819	3.000000
16	11	0.000000	2.000000
16	12	0.000000	1.000000
16	13	0.000000	2.000000
16	14	0.000000	2.000000
16	15	0.000000	1.000000
16	16	NO TIENE
16	17	0.000000	1.000000
16	18	0.000000	2.000000
16	19	0.000000	2.000000
17	0	0.006632	4.000000
17	1	0.004051	5.000000
17	2	0.003870	4.000000
17	3	0.003139	4.000000
17	4	0.003433	3.000000
17	5	0.004473	3.000000
17	6	0.004143	2.000000
17	7	0.003264	2.000000
17	8	0.003345	1.000000
17	9	0.003743	2.000000
17	10	0.002987	3.000000
17	11	0.000000	2.000000
17	12	0.000000	2.000000
17	13	0.000000	3.000000
17	14	0.000000	3.000000
17	15	0.000000	2.000000
17	16	0.000000	1.000000
17	17	NO TIENE
17	18	0.000000	1.000000
17	19	0.000000	1.000000
18	0	0.005567	3.000000
18	1	0.005611	4.000000
18	2	0.005071	4.000000
18	3	0.005787	5.000000
18	4	0.003273	4.000000
18	5	0.003413	4.000000
18	6	0.002271	3.000000
18	7	0.002654	3.000000
18	8	0.002887	2.000000
18	9	0.003688	3.000000
18	10	0.002122	2.000000
18	11	0.000000	1.000000
18	12	0.000000	2.000000
18	13	0.000000	3.000000
18	14	0.000000	4.000000
18	15	0.000000	3.000000
18	16	0.000000	2.000000
18	17	0.000000	1.000000
18	18	NO TIENE
18	19	0.000000	1.000000
19	0	0.006879	4.000000
19	1	0.006001	5.000000
19	2	0.004375	5.000000
19	3	0.004154	5.000000
19	4	0.003491	4.000000
19	5	0.004168	4.000000
19	6	0.004100	3.000000
19	7	0.002879	3.000000
19	8	0.002365	2.000000
19	9	0.002984	3.000000
19	10	0.002813	3.000000
19	11	0.000000	2.000000
19	12	0.000000	3.000000
19	13	0.000000	4.000000
19	14	0.000000	4.000000
19	15	0.000000	3.000000
19	16	0.000000	2.000000
19	17	0.000000	1.000000
19	18	0.000000	1.000000
19	19	NO TIENE
+++
RED:EON.rut
********************************************************
********************************************************
Probablidad de Bloqueo por usuario con 10 Long. de Onda:
Probablidad de Bloqueo total de la Red: 0.002872
********************************************************
Origen	Destino	Prob.Bloqueo	Saltos
********************************************************
0	0	NO TIENE
0	1	0.000000	1.000000
0	2	0.008667	2.000000
0	3	0.007171	2.000000
0	4	0.009013	1.000000
0	5	0.009486	2.000000
0	6	0.009070	2.000000
0	7	0.007754	3.000000
0	8	0.014388	3.000000
0	9	0.008114	3.000000
0	10	0.024715	4.000000
0	11	0.009723	3.000000
0	12	0.011014	3.000000
0	13	0.010980	2.000000
0	14	0.012923	2.000000
0	15	0.015209	3.000000
0	16	0.019488	4.000000
0	17	0.009624	3.000000
0	18	0.024116	5.000000
0	19	0.017826	3.000000
1	0	0.000000	1.000000
1	1	NO TIENE
1	2	0.007109	2.000000
1	3	0.007442	1.000000
1	4	0.008493	2.000000
1	5	0.007829	2.000000
1	6	0.008769	3.000000
1	7	0.008393	3.000000
1	8	0.017781	2.000000
1	9	0.008402	2.000000
1	10	0.025838	3.000000
1	11	0.007226	3.000000
1	12	0.010579	4.000000
1	13	0.011317	3.000000
1	14	0.011183	3.000000
1	15	0.014572	4.000000
1	16	0.023021	3.000000
1	17	0.010519	4.000000
1	18	0.020349	4.000000
1	19	0.015760	4.000000
2	0	0.009729	2.000000
2	1	0.007472	2.000000
2	2	NO TIENE
2	3	0.000000	1.000000
2	4	0.000000	1.000000
2	5	0.000000	2.000000
2	6	0.000000	2.000000
2	7	0.000000	3.000000
2	8	0.006699	2.000000
2	9	0.000000	2.000000
2	10	0.015686	3.000000
2	11	0.000000	3.000000
2	12	0.002884	3.000000
2	13	0.002586	2.000000
2	14	0.004551	2.000000
2	15	0.007741	3.000000
2	16	0.013062	3.000000
2	17	0.003633	3.000000
2	18	0.016178	4.000000
2	19	0.010125	3.000000
3	0	0.007909	2.000000
3	1	0.008678	1.000000
3	2	0.000000	1.000000
3	3	NO TIENE
3	4	0.000000	1.000000
3	5	0.000000	1.000000
3	6	0.000000	2.000000
3	7	0.000000	2.000000
3	8	0.008778	1.000000
3	9	0.000000	1.000000
3	10	0.014737	2.000000
3	11	0.000000	2.000000
3	12	0.003052	3.000000
3	13	0.002483	2.000000
3	14	0.005723	2.000000
3	15	0.000299	3.000000
3	16	0.013326	2.000000
3	17	0.002530	3.000000
3	18	0.015773	3.000000
3	19	0.007438	3.000000
4	0	0.009196	1.000000
4	1	0.008808	2.000000
4	2	0.000000	1.000000
4	3	0.000000	1.000000
4	4	NO TIENE
4	5	0.000000	1.000000
4	6	0.000000	1.000000
4	7	0.000000	2.000000
4	8	0.007703	2.000000
4	9	0.000076	2.000000
4	10	0.015853	3.000000
4	11	0.000226	2.000000
4	12	0.003555	2.000000
4	13	0.001925	1.000000
4	14	0.005435	1.000000
4	15	0.007837	2.000000
4	16	0.011211	3.000000
4	17	0.003401	2.000000
4	18	0.014722	4.000000
4	19	0.007905	2.000000
5	0	0.008254	2.000000
5	1	0.007870	2.000000
5	2	0.000000	2.000000
5	3	0.000000	1.000000
5	4	0.000000	1.000000
5	5	NO TIENE
5	6	0.000000	1.000000
5	7	0.000000	1.000000
5	8	0.000152	2.000000
5	9	0.000228	1.000000
5	10	0.008649	3.000000
5	11	0.000225	2.000000
5	12	0.002890	2.000000
5	13	0.003005	2.000000
5	14	0.000000	2.000000
5	15	0.000832	3.000000
5	16	0.006380	3.000000
5	17	0.002746	3.000000
5	18	0.007531	4.000000
5	19	0.002620	3.000000
6	0	0.009251	2.000000
6	1	0.008394	3.000000
6	2	0.000000	2.000000
6	3	0.000000	2.000000
6	4	0.000000	1.000000
6	5	0.000000	1.000000
6	6	NO TIENE
6	7	0.000000	1.000000
6	8	0.000685	2.000000
6	9	0.000227	2.000000
6	10	0.008364	3.000000
6	11	0.000686	1.000000
6	12	0.002196	1.000000
6	13	0.002654	2.000000
6	14	0.000000	1.000000
6	15	0.001066	2.000000
6	16	0.004810	3.000000
6	17	0.002573	2.000000
6	18	0.006939	4.000000
6	19	0.003020	2.000000
7	0	0.007013	3.000000
7	1	0.009014	3.000000
7	2	0.000000	3.000000
7	3	0.000000	2.000000
7	4	0.000000	2.000000
7	5	0.000000	1.000000
7	6	0.000000	1.000000
7	7	NO TIENE
7	8	0.000306	3.000000
7	9	0.000377	2.000000
7	10	0.008554	4.000000
7	11	0.000529	2.000000
7	12	0.002693	2.000000
7	13	0.003225	3.000000
7	14	0.000000	2.000000
7	15	0.000454	3.000000
7	16	0.003967	4.000000
7	17	0.003548	3.000000
7	18	0.007705	5.000000
7	19	0.003998	3.000000
8	0	0.015269	3.000000
8	1	0.017552	2.000000
8	2	0.007882	2.000000
8	3	0.008959	1.000000
8	4	0.006922	2.000000
8	5	0.000152	2.000000
8	6	0.000302	2.000000
8	7	0.000000	3.000000
8	8	NO TIENE
8	9	0.000000	1.000000
8	10	0.008880	1.000000
8	11	0.000000	1.000000
8	12	0.003131	3.000000
8	13	0.003096	3.000000
8	14	0.000978	1.000000
8	15	0.000153	2.000000
8	16	0.004929	1.000000
8	17	0.002825	2.000000
8	18	0.008139	2.000000
8	19	0.003873	2.000000
9	0	0.009945	3.000000
9	1	0.007389	2.000000
9	2	0.000000	2.000000
9	3	0.000000	1.000000
9	4	0.000000	2.000000
9	5	0.000604	1.000000
9	6	0.000075	2.000000
9	7	0.000075	2.000000
9	8	0.000000	1.000000
9	9	NO TIENE
9	10	0.009035	2.000000
9	11	0.000000	1.000000
9	12	0.003628	3.000000
9	13	0.002656	3.000000
9	14	0.000000	2.000000
9	15	0.000152	2.000000
9	16	0.003871	2.000000
9	17	0.002825	3.000000
9	18	0.007520	3.000000
9	19	0.002903	3.000000
10	0	0.022508	4.000000
10	1	0.026264	3.000000
10	2	0.016066	3.000000
10	3	0.015052	2.000000
10	4	0.016647	3.000000
10	5	0.007050	3.000000
10	6	0.008063	3.000000
10	7	0.007888	4.000000
10	8	0.008919	1.000000
10	9	0.009455	2.000000
10	10	NO TIENE
10	11	0.006932	2.000000
10	12	0.012631	4.000000
10	13	0.014498	4.000000
10	14	0.007739	2.000000
10	15	0.002767	2.000000
10	16	0.000000	1.000000
10	17	0.013468	3.000000
10	18	0.000000	1.000000
10	19	0.011850	3.000000
11	0	0.008558	3.000000
11	1	0.007679	3.000000
11	2	0.000076	3.000000
11	3	0.000000	2.000000
11	4	0.000300	2.000000
11	5	0.000076	2.000000
11	6	0.000304	1.000000
11	7	0.000755	2.000000
11	8	0.000000	1.000000
11	9	0.000000	1.000000
11	10	0.007825	2.000000
11	11	NO TIENE
11	12	0.003487	2.000000
11	13	0.003036	3.000000
11	14	0.000000	1.000000
11	15	0.000151	1.000000
11	16	0.003117	2.000000
11	17	0.002493	2.000000
11	18	0.005024	3.000000
11	19	0.003670	2.000000
12	0	0.010743	3.000000
12	1	0.011399	4.000000
12	2	0.003444	3.000000
12	3	0.003216	3.000000
12	4	0.003084	2.000000
12	5	0.002411	2.000000
12	6	0.002920	1.000000
12	7	0.002742	2.000000
12	8	0.002441	3.000000
12	9	0.003782	3.000000
12	10	0.011655	4.000000
12	11	0.002792	2.000000
12	12	NO TIENE
12	13	0.000000	1.000000
12	14	0.002261	2.000000
12	15	0.003865	3.000000
12	16	0.008645	4.000000
12	17	0.000000	1.000000
12	18	0.008953	5.000000
12	19	0.000000	2.000000
13	0	0.012287	2.000000
13	1	0.012415	3.000000
13	2	0.002361	2.000000
13	3	0.003020	2.000000
13	4	0.002496	1.000000
13	5	0.003168	2.000000
13	6	0.003369	2.000000
13	7	0.003672	3.000000
13	8	0.003370	3.000000
13	9	0.002644	3.000000
13	10	0.010629	4.000000
13	11	0.002125	3.000000
13	12	0.000000	1.000000
13	13	NO TIENE
13	14	0.002957	2.000000
13	15	0.004233	3.000000
13	16	0.009220	4.000000
13	17	0.000377	1.000000
13	18	0.016549	5.000000
13	19	0.000000	2.000000
14	0	0.015464	2.000000
14	1	0.013935	3.000000
14	2	0.004157	2.000000
14	3	0.005281	2.000000
14	4	0.004129	1.000000
14	5	0.000000	2.000000
14	6	0.000000	1.000000
14	7	0.000000	2.000000
14	8	0.000606	1.000000
14	9	0.000000	2.000000
14	10	0.008554	2.000000
14	11	0.000000	1.000000
14	12	0.002648	2.000000
14	13	0.002579	2.000000
14	14	NO TIENE
14	15	0.002354	1.000000
14	16	0.005372	2.000000
14	17	0.003408	1.000000
14	18	0.007912	3.000000
14	19	0.002412	1.000000
15	0	0.015810	3.000000
15	1	0.016935	4.000000
15	2	0.008999	3.000000
15	3	0.000000	3.000000
15	4	0.007865	2.000000
15	5	0.000149	3.000000
15	6	0.000988	2.000000
15	7	0.000683	3.000000
15	8	0.000302	2.000000
15	9	0.000000	2.000000
15	10	0.002524	2.000000
15	11	0.000076	1.000000
15	12	0.004998	3.000000
15	13	0.004689	3.000000
15	14	0.002203	1.000000
15	15	NO TIENE
15	16	0.002431	1.000000
15	17	0.006313	2.000000
15	18	0.004712	2.000000
15	19	0.005019	2.000000
16	0	0.019244	4.000000
16	1	0.021507	3.000000
16	2	0.011952	3.000000
16	3	0.012179	2.000000
16	4	0.010266	3.000000
16	5	0.005770	3.000000
16	6	0.005947	3.000000
16	7	0.003974	4.000000
16	8	0.004516	1.000000
16	9	0.004625	2.000000
16	10	0.000000	1.000000
16	11	0.002344	2.000000
16	12	0.007652	4.000000
16	13	0.007949	4.000000
16	14	0.005647	2.000000
16	15	0.002569	1.000000
16	16	NO TIENE
16	17	0.007290	3.000000
16	18	0.001918	1.000000
16	19	0.008526	3.000000
17	0	0.011061	3.000000
17	1	0.011024	4.000000
17	2	0.003404	3.000000
17	3	0.002282	3.000000
17	4	0.003309	2.000000
17	5	0.002344	3.000000
17	6	0.002826	2.000000
17	7	0.001438	3.000000
17	8	0.003403	2.000000
17	9	0.002754	3.000000
17	10	0.012698	3.000000
17	11	0.002261	2.000000
17	12	0.000000	1.000000
17	13	0.000077	1.000000
17	14	0.003535	1.000000
17	15	0.005727	2.000000
17	16	0.008536	3.000000
17	17	NO TIENE
17	18	0.011262	4.000000
17	19	0.000000	1.000000
18	0	0.024307	5.000000
18	1	0.021874	4.000000
18	2	0.014800	4.000000
18	3	0.015855	3.000000
18	4	0.015430	4.000000
18	5	0.008020	4.000000
18	6	0.005027	4.000000
18	7	0.009186	5.000000
18	8	0.007318	2.000000
18	9	0.006585	3.000000
18	10	0.000000	1.000000
18	11	0.005110	3.000000
18	12	0.009011	5.000000
18	13	0.013937	5.000000
18	14	0.007357	3.000000
18	15	0.005677	2.000000
18	16	0.002437	1.000000
18	17	0.011246	4.000000
18	18	NO TIENE
18	19	0.011290	4.000000
19	0	0.017055	3.000000
19	1	0.017464	4.000000
19	2	0.007986	3.000000
19	3	0.008227	3.000000
19	4	0.008927	2.000000
19	5	0.003158	3.000000
19	6	0.003040	2.000000
19	7	0.002343	3.000000
19	8	0.002750	2.000000
19	9	0.002145	3.000000
19	10	0.011885	3.000000
19	11	0.002717	2.000000
19	12	0.000000	2.000000
19	13	0.000000	2.000000
19	14	0.002580	1.000000
19	15	0.003569	2.000000
19	16	0.008901	3.000000
19	17	0.000000	1.000000
19	18	0.010376	4.000000
19	19	NO TIENE
+++
RED:NSFNet.rut
********************************************************
********************************************************
Probablidad de Bloqueo por usuario con 8 Long. de Onda:
Probablidad de Bloqueo total de la Red: 0.002480
********************************************************
Origen	Destino	Prob.Bloqueo	Saltos
********************************************************
0	0	NO TIENE
0	1	0.000000	1.000000
0	2	0.000000	1.000000
0	3	0.000292	2.000000
0	4	0.000653	3.000000
0	5	0.007222	2.000000
0	6	0.000735	2.000000
0	7	0.000219	1.000000
0	8	0.007857	2.000000
0	9	0.007510	3.000000
0	10	0.008132	3.000000
0	11	0.008289	3.000000
0	12	0.007893	3.000000
0	13	0.013397	3.000000
1	0	0.000000	1.000000
1	1	NO TIENE
1	2	0.000000	1.000000
1	3	0.000255	1.000000
1	4	0.000544	2.000000
1	5	0.006420	2.000000
1	6	0.000944	3.000000
1	7	0.000398	2.000000
1	8	0.006188	3.000000
1	9	0.008532	3.000000
1	10	0.008951	2.000000
1	11	0.008767	3.000000
1	12	0.008404	3.000000
1	13	0.012725	3.000000
2	0	0.000000	1.000000
2	1	0.000000	1.000000
2	2	NO TIENE
2	3	0.000363	2.000000
2	4	0.010979	2.000000
2	5	0.007193	1.000000
2	6	0.000762	3.000000
2	7	0.000475	2.000000
2	8	0.009440	3.000000
2	9	0.008474	2.000000
2	10	0.008394	3.000000
2	11	0.014939	3.000000
2	12	0.014449	3.000000
2	13	0.013801	2.000000
3	0	0.000363	2.000000
3	1	0.000252	1.000000
3	2	0.000402	2.000000
3	3	NO TIENE
3	4	0.000217	1.000000
3	5	0.003933	2.000000
3	6	0.000547	2.000000
3	7	0.000943	3.000000
3	8	0.006777	3.000000
3	9	0.005273	3.000000
3	10	0.006690	1.000000
3	11	0.007208	2.000000
3	12	0.006530	2.000000
3	13	0.007506	3.000000
4	0	0.000696	3.000000
4	1	0.000692	2.000000
4	2	0.010703	2.000000
4	3	0.000510	1.000000
4	4	NO TIENE
4	5	0.003439	1.000000
4	6	0.000036	1.000000
4	7	0.000218	2.000000
4	8	0.004353	3.000000
4	9	0.004490	2.000000
4	10	0.007946	2.000000
4	11	0.008185	3.000000
4	12	0.011487	3.000000
4	13	0.010203	2.000000
5	0	0.007703	2.000000
5	1	0.007006	2.000000
5	2	0.007202	1.000000
5	3	0.003888	2.000000
5	4	0.004086	1.000000
5	5	NO TIENE
5	6	0.003729	2.000000
5	7	0.003327	3.000000
5	8	0.001644	2.000000
5	9	0.001774	1.000000
5	10	0.006673	3.000000
5	11	0.006743	2.000000
5	12	0.007038	2.000000
5	13	0.006990	1.000000
6	0	0.000472	2.000000
6	1	0.000659	3.000000
6	2	0.000509	3.000000
6	3	0.000363	2.000000
6	4	0.000036	1.000000
6	5	0.003054	2.000000
6	6	NO TIENE
6	7	0.000651	1.000000
6	8	0.008301	2.000000
6	9	0.004717	3.000000
6	10	0.007535	3.000000
6	11	0.007992	3.000000
6	12	0.008689	3.000000
6	13	0.009982	3.000000
7	0	0.000361	1.000000
7	1	0.000109	2.000000
7	2	0.000364	2.000000
7	3	0.000688	3.000000
7	4	0.000471	2.000000
7	5	0.004383	3.000000
7	6	0.000254	1.000000
7	7	NO TIENE
7	8	0.007963	1.000000
7	9	0.006960	2.000000
7	10	0.007265	3.000000
7	11	0.008282	2.000000
7	12	0.006195	2.000000
7	13	0.007481	3.000000
8	0	0.008495	2.000000
8	1	0.008386	3.000000
8	2	0.008232	3.000000
8	3	0.006616	3.000000
8	4	0.004942	3.000000
8	5	0.001733	2.000000
8	6	0.007946	2.000000
8	7	0.007098	1.000000
8	8	NO TIENE
8	9	0.000000	1.000000
8	10	0.000000	2.000000
8	11	0.000000	1.000000
8	12	0.000000	1.000000
8	13	0.000000	2.000000
9	0	0.008813	3.000000
9	1	0.007783	3.000000
9	2	0.008379	2.000000
9	3	0.005060	3.000000
9	4	0.004562	2.000000
9	5	0.001160	1.000000
9	6	0.004703	3.000000
9	7	0.007102	2.000000
9	8	0.000000	1.000000
9	9	NO TIENE
9	10	0.000000	3.000000
9	11	0.000000	2.000000
9	12	0.000000	2.000000
9	13	0.008164	2.000000
10	0	0.008984	3.000000
10	1	0.007036	2.000000
10	2	0.008461	3.000000
10	3	0.006840	1.000000
10	4	0.008500	2.000000
10	5	0.007144	3.000000
10	6	0.008933	3.000000
10	7	0.007226	3.000000
10	8	0.000000	2.000000
10	9	0.000000	3.000000
10	10	NO TIENE
10	11	0.000000	1.000000
10	12	0.000000	1.000000
10	13	0.000000	2.000000
11	0	0.007751	3.000000
11	1	0.007156	3.000000
11	2	0.013615	3.000000
11	3	0.006925	2.000000
11	4	0.008056	3.000000
11	5	0.008168	2.000000
11	6	0.007233	3.000000
11	7	0.008383	2.000000
11	8	0.000000	1.000000
11	9	0.000000	2.000000
11	10	0.000000	1.000000
11	11	NO TIENE
11	12	0.000000	2.000000
11	13	0.000000	1.000000
12	0	0.007252	3.000000
12	1	0.009350	3.000000
12	2	0.014935	3.000000
12	3	0.007347	2.000000
12	4	0.011366	3.000000
12	5	0.006990	2.000000
12	6	0.008480	3.000000
12	7	0.007780	2.000000
12	8	0.000000	1.000000
12	9	0.000000	2.000000
12	10	0.000000	1.000000
12	11	0.000000	2.000000
12	12	NO TIENE
12	13	0.000000	1.000000
13	0	0.015025	3.000000
13	1	0.013994	3.000000
13	2	0.013191	2.000000
13	3	0.007377	3.000000
13	4	0.010707	2.000000
13	5	0.006469	1.000000
13	6	0.009989	3.000000
13	7	0.007828	3.000000
13	8	0.000000	2.000000
13	9	0.008244	2.000000
13	10	0.000000	2.000000
13	11	0.000000	1.000000
13	12	0.000000	1.000000
13	13	NO TIENE
